 project_June2023          SWAT+ Jan 11 2024        MODULAR Rev 2024.61.0                                 
       year     plant_no   plant_name       harv_area(ha)    yld(t)         yld(t/ha)      
        2002           1 frsd              0.0000000E+00  0.0000000E+00  0.0000000E+00
        2002           2 trit               1065.051       5001.723       4.696227    
        2002           3 ryeg               1510.391       896.4435      0.5935175    
        2002           4 wwht               307.6489       2329.458       7.571808    
        2002           5 fesc               5726.032       18291.74       3.194487    
        2002           6 swht               2.211150       7.465765       3.376416    
        2002           7 csil               88.50596       1575.181       17.79746    
        2002           8 alfa               380.9970       1189.521       3.122128    
        2002           9 rape               24.56396       155.7992       6.342592    
        2002          10 bsvg              0.0000000E+00  0.0000000E+00  0.0000000E+00
        2002          11 oats               5.509901       14.64993       2.658838    
        2002          12 past              4.9049996E-02  7.4444436E-02   1.517695    
        2002          13 wbar               91.00615       580.7341       6.381262    
        2002          14 barl               5.542380       24.73677       4.463202    
        2002          15 pine               4.400110      0.0000000E+00  0.0000000E+00
        2002          16 rnge               1.028400      0.0000000E+00  0.0000000E+00
        2002          17 frse              0.0000000E+00  0.0000000E+00  0.0000000E+00
        2002          18 rngb              0.0000000E+00  0.0000000E+00  0.0000000E+00
        2003           1 frsd              0.0000000E+00  0.0000000E+00  0.0000000E+00
        2003           2 trit               85.51685       327.8608       3.833874    
        2003           3 ryeg               1833.590       375.6296      0.2048602    
        2003           4 wwht               1207.740       8305.649       6.877018    
        2003           5 fesc               4958.701       17109.50       3.450399    
        2003           6 swht               15.42388       58.19035       3.772744    
        2003           7 csil               818.1524       16010.80       19.56946    
        2003           8 alfa               370.7637       1318.830       3.557065    
        2003           9 rape               12.47250       98.03912       7.860421    
        2003          10 bsvg              0.0000000E+00  0.0000000E+00  0.0000000E+00
        2003          11 oats               70.76031       239.0860       3.378814    
        2003          12 past               33.19557       112.7071       3.395244    
        2003          13 wbar               32.09974       160.0381       4.985651    
        2003          14 barl               12.95392       57.08840       4.407036    
        2003          15 pine               1.845900      0.0000000E+00  0.0000000E+00
        2003          16 rnge               8.565499      0.0000000E+00  0.0000000E+00
        2003          17 frse              0.0000000E+00  0.0000000E+00  0.0000000E+00
        2003          18 rngb              0.0000000E+00  0.0000000E+00  0.0000000E+00
        2004           1 frsd              0.0000000E+00  0.0000000E+00  0.0000000E+00
        2004           2 trit               55.48657       195.0911       3.516007    
        2004           3 ryeg               594.1337       159.7670      0.2689075    
        2004           4 wwht               607.1285       3871.657       6.376997    
        2004           5 fesc               7759.438       29823.34       3.843493    
        2004           6 swht               36.13615       159.4573       4.412681    
        2004           7 csil               989.1161       19874.40       20.09309    
        2004           8 alfa               492.4095       1597.947       3.245159    
        2004           9 rape               90.60647       625.2305       6.900506    
        2004          10 bsvg              0.0000000E+00  0.0000000E+00  0.0000000E+00
        2004          11 oats               53.33428       187.8068       3.521314    
        2004          12 past              0.6260800       1.991764       3.181319    
        2004          13 wbar               43.33992       247.7709       5.716919    
        2004          14 barl               21.74474       85.05537       3.911538    
        2004          15 pine               6.595740      0.0000000E+00  0.0000000E+00
        2004          16 rnge              5.3050000E-02  0.0000000E+00  0.0000000E+00
        2004          17 frse              0.0000000E+00  0.0000000E+00  0.0000000E+00
        2004          18 rngb              0.0000000E+00  0.0000000E+00  0.0000000E+00
        2005           1 frsd              0.0000000E+00  0.0000000E+00  0.0000000E+00
        2005           2 trit               25.37396       86.54681       3.410851    
        2005           3 ryeg               515.2878       201.7180      0.3914667    
        2005           4 wwht               256.1461       1600.173       6.247108    
        2005           5 fesc               8761.724       34668.18       3.956776    
        2005           6 swht               9.306040       36.92099       3.967422    
        2005           7 csil               338.4240       5884.588       17.38821    
        2005           8 alfa               352.3301       1125.556       3.194607    
        2005           9 rape               62.59148       429.7518       6.865979    
        2005          10 bsvg              0.0000000E+00  0.0000000E+00  0.0000000E+00
        2005          11 oats               27.75196       91.08321       3.282046    
        2005          12 past               11.59381       23.19512       2.000647    
        2005          13 wbar               38.78600       187.4782       4.833656    
        2005          14 barl               13.42284       40.59967       3.024671    
        2005          15 pine               6.581080      0.0000000E+00  0.0000000E+00
        2005          16 rnge               8.358490      0.0000000E+00  0.0000000E+00
        2005          17 frse              0.0000000E+00  0.0000000E+00  0.0000000E+00
        2005          18 rngb              0.0000000E+00  0.0000000E+00  0.0000000E+00
        2006           1 frsd              0.0000000E+00  0.0000000E+00  0.0000000E+00
        2006           2 trit               48.66696       170.2638       3.498551    
        2006           3 ryeg               530.7443       160.1176      0.3016851    
        2006           4 wwht               207.2224       1224.405       5.908649    
        2006           5 fesc               8811.134       33375.66       3.787896    
        2006           6 swht               7.420970       30.25801       4.077366    
        2006           7 csil               418.6438       6165.039       14.72622    
        2006           8 alfa               327.9081       949.0583       2.894281    
        2006           9 rape               28.09962       180.4767       6.422746    
        2006          10 bsvg              0.0000000E+00  0.0000000E+00  0.0000000E+00
        2006          11 oats               24.84650       65.95404       2.654460    
        2006          12 past               45.61969       67.44989       1.478526    
        2006          13 wbar               105.4733       500.9221       4.749280    
        2006          14 barl               5.716880       16.23556       2.839933    
        2006          15 pine               4.755010      0.0000000E+00  0.0000000E+00
        2006          16 rnge               11.95957       2.105215      0.1760276    
        2006          17 frse              0.0000000E+00  0.0000000E+00  0.0000000E+00
        2006          18 rngb              0.0000000E+00  0.0000000E+00  0.0000000E+00
        2007           1 frsd              0.0000000E+00  0.0000000E+00  0.0000000E+00
        2007           2 trit               32.98259       114.8746       3.482887    
        2007           3 ryeg               486.8687       170.7260      0.3506613    
        2007           4 wwht               220.8569       1176.622       5.327529    
        2007           5 fesc               8968.273       34511.59       3.848186    
        2007           6 swht              0.1824300      0.5969512       3.272203    
        2007           7 csil               301.4046       5068.639       16.81673    
        2007           8 alfa               264.7390       808.0831       3.052377    
        2007           9 rape               51.97536       380.2857       7.316653    
        2007          10 bsvg              0.0000000E+00  0.0000000E+00  0.0000000E+00
        2007          11 oats               8.501490       24.56076       2.888995    
        2007          12 past               1.590450       2.452923       1.542281    
        2007          13 wbar               92.09652       408.8103       4.438933    
        2007          14 barl               6.698400       22.50620       3.359937    
        2007          15 pine               10.54742      0.0000000E+00  0.0000000E+00
        2007          16 rnge               1.470070      7.9254180E-02  5.3911809E-02
        2007          17 frse              0.0000000E+00  0.0000000E+00  0.0000000E+00
        2007          18 rngb              0.0000000E+00  0.0000000E+00  0.0000000E+00
        2008           1 frsd              0.0000000E+00  0.0000000E+00  0.0000000E+00
        2008           2 trit               32.48608       104.7110       3.223256    
        2008           3 ryeg               586.4836       92.10323      0.1570431    
        2008           4 wwht               276.5351       1668.737       6.034451    
        2008           5 fesc               8288.714       36814.90       4.441569    
        2008           6 swht               5.556601       17.66772       3.179591    
        2008           7 csil               455.7549       7925.683       17.39023    
        2008           8 alfa               390.3431       1141.839       2.925220    
        2008           9 rape               18.63434       106.0267       5.689855    
        2008          10 bsvg              0.0000000E+00  0.0000000E+00  0.0000000E+00
        2008          11 oats               49.66495       121.5054       2.446503    
        2008          12 past              0.0000000E+00  0.0000000E+00  0.0000000E+00
        2008          13 wbar               34.85846       165.5895       4.750338    
        2008          14 barl               29.91499       131.6923       4.402218    
        2008          15 pine               2.310990      0.0000000E+00  0.0000000E+00
        2008          16 rnge               5.791800      0.0000000E+00  0.0000000E+00
        2008          17 frse              0.0000000E+00  0.0000000E+00  0.0000000E+00
        2008          18 rngb              0.0000000E+00  0.0000000E+00  0.0000000E+00
        2009           1 frsd              0.0000000E+00  0.0000000E+00  0.0000000E+00
        2009           2 trit               43.94405       143.3883       3.262973    
        2009           3 ryeg               417.2387       68.91931      0.1651796    
        2009           4 wwht               287.4340       1695.321       5.898124    
        2009           5 fesc               6625.847       27852.16       4.203562    
        2009           6 swht               3.670200       11.52762       3.140868    
        2009           7 csil               82.82836       1353.097       16.33615    
        2009           8 alfa               388.6908       1166.331       3.000666    
        2009           9 rape               25.07704       181.1219       7.222616    
        2009          10 bsvg              0.0000000E+00  0.0000000E+00  0.0000000E+00
        2009          11 oats               1.818450       4.054679       2.229743    
        2009          12 past              4.9049996E-02  8.4037840E-02   1.713275    
        2009          13 wbar               74.52985       373.3467       5.009358    
        2009          14 barl               2.584820       11.32281       4.380500    
        2009          15 pine               2.493520      0.0000000E+00  0.0000000E+00
        2009          16 rnge               1.065630       2.052682       1.926259    
        2009          17 frse              0.0000000E+00  0.0000000E+00  0.0000000E+00
        2009          18 rngb              0.0000000E+00  0.0000000E+00  0.0000000E+00
        2010           1 frsd              0.0000000E+00  0.0000000E+00  0.0000000E+00
        2010           2 trit               70.06979       250.1410       3.569884    
        2010           3 ryeg               310.6637       88.70048      0.2855193    
        2010           4 wwht               162.5853       954.9681       5.873645    
        2010           5 fesc               6082.938       28217.41       4.638781    
        2010           6 swht               13.62548       41.44950       3.042058    
        2010           7 csil               333.8782       5963.267       17.86060    
        2010           8 alfa               319.8329       1006.899       3.148205    
        2010           9 rape               13.42227       84.52179       6.297130    
        2010          10 bsvg              0.0000000E+00  0.0000000E+00  0.0000000E+00
        2010          11 oats               74.28802       205.1167       2.761101    
        2010          12 past               30.25951       92.91656       3.070656    
        2010          13 wbar               54.61980       261.7132       4.791544    
        2010          14 barl               17.75912       67.77388       3.816285    
        2010          15 pine               7.230000      0.0000000E+00  0.0000000E+00
        2010          16 rnge               7.024560       13.32361       1.896718    
        2010          17 frse              0.0000000E+00  0.0000000E+00  0.0000000E+00
        2010          18 rngb              0.0000000E+00  0.0000000E+00  0.0000000E+00
        2011           1 frsd              0.0000000E+00  0.0000000E+00  0.0000000E+00
        2011           2 trit               62.10224       209.7558       3.377588    
        2011           3 ryeg               485.8437       139.4633      0.2870540    
        2011           4 wwht               249.3356       1349.010       5.410419    
        2011           5 fesc               6151.402       29600.30       4.811960    
        2011           6 swht               36.47550       167.9203       4.603647    
        2011           7 csil               333.9315       6441.503       19.28989    
        2011           8 alfa               412.4231       1306.052       3.166777    
        2011           9 rape               69.43288       507.0736       7.303076    
        2011          10 bsvg              0.0000000E+00  0.0000000E+00  0.0000000E+00
        2011          11 oats               27.49741       91.18674       3.316194    
        2011          12 past              0.4936000       1.345029       2.724932    
        2011          13 wbar               49.14626       268.6637       5.466616    
        2011          14 barl               22.03232       86.60799       3.930951    
        2011          15 pine               2.422290      0.0000000E+00  0.0000000E+00
        2011          16 rnge               3.550400      0.0000000E+00  0.0000000E+00
        2011          17 frse              0.0000000E+00  0.0000000E+00  0.0000000E+00
        2011          18 rngb              0.0000000E+00  0.0000000E+00  0.0000000E+00
        2012           1 frsd              0.0000000E+00  0.0000000E+00  0.0000000E+00
        2012           2 trit               24.11889       70.22536       2.911633    
        2012           3 ryeg               530.5079       150.5169      0.2837223    
        2012           4 wwht               263.3584       1408.996       5.350110    
        2012           5 fesc               8066.558       44674.36       5.538218    
        2012           6 swht               8.006150       25.18099       3.145205    
        2012           7 csil               289.1712       4338.554       15.00341    
        2012           8 alfa               247.3040       737.7267       2.983076    
        2012           9 rape               57.91188       359.6411       6.210144    
        2012          10 bsvg              0.0000000E+00  0.0000000E+00  0.0000000E+00
        2012          11 oats               21.48650       59.38772       2.763955    
        2012          12 past              0.0000000E+00  0.0000000E+00  0.0000000E+00
        2012          13 wbar               42.56465       173.8464       4.084290    
        2012          14 barl               9.960690       35.34127       3.548075    
        2012          15 pine               8.813881      0.0000000E+00  0.0000000E+00
        2012          16 rnge               3.241940      0.0000000E+00  0.0000000E+00
        2012          17 frse              0.0000000E+00  0.0000000E+00  0.0000000E+00
        2012          18 rngb              0.0000000E+00  0.0000000E+00  0.0000000E+00
        2013           1 frsd              0.0000000E+00  0.0000000E+00  0.0000000E+00
        2013           2 trit               61.35393       226.7211       3.695298    
        2013           3 ryeg               469.6110       126.0193      0.2683484    
        2013           4 wwht               204.4271       1158.172       5.665452    
        2013           5 fesc               7406.553       35114.30       4.740978    
        2013           6 swht               5.520190       19.70639       3.569875    
        2013           7 csil               409.7330       7457.345       18.20050    
        2013           8 alfa               280.0388       881.2778       3.146985    
        2013           9 rape               22.64116       134.6080       5.945278    
        2013          10 bsvg              0.0000000E+00  0.0000000E+00  0.0000000E+00
        2013          11 oats               25.78694       78.33556       3.037799    
        2013          12 past               14.50341       34.40153       2.371961    
        2013          13 wbar               88.80549       417.7811       4.704451    
        2013          14 barl               5.855970       18.20296       3.108445    
        2013          15 pine               3.018480      0.0000000E+00  0.0000000E+00
        2013          16 rnge               12.62448       1.028838      8.1495486E-02
        2013          17 frse              0.0000000E+00  0.0000000E+00  0.0000000E+00
        2013          18 rngb              0.0000000E+00  0.0000000E+00  0.0000000E+00
        2014           1 frsd              0.0000000E+00  0.0000000E+00  0.0000000E+00
        2014           2 trit               3.229190       12.09063       3.744165    
        2014           3 ryeg               632.8331       150.5525      0.2379024    
        2014           4 wwht               68.49200       392.5592       5.731462    
        2014           5 fesc               5992.614       23131.62       3.860022    
        2014           6 swht               2.211150      0.0000000E+00  0.0000000E+00
        2014           7 csil               123.7990       1297.991       10.48467    
        2014           8 alfa               114.5303       316.3083       2.761787    
        2014           9 rape               21.23439       131.5324       6.194312    
        2014          10 bsvg              0.0000000E+00  0.0000000E+00  0.0000000E+00
        2014          11 oats               19.86410       62.03523       3.122982    
        2014          12 past              0.1815300      0.3096628       1.705840    
        2014          13 wbar               7.692820       41.98965       5.458290    
        2014          14 barl               5.656780       26.29792       4.648920    
        2014          15 pine              0.0000000E+00  0.0000000E+00  0.0000000E+00
        2014          16 rnge               2.647600       3.364581       1.270804    
        2014          17 frse              0.0000000E+00  0.0000000E+00  0.0000000E+00
        2014          18 rngb              0.0000000E+00  0.0000000E+00  0.0000000E+00
        2015           1 frsd              0.0000000E+00  0.0000000E+00  0.0000000E+00
        2015           2 trit               72.01258       130.7266       1.815330    
        2015           3 ryeg               1009.294       313.5425      0.3106551    
        2015           4 wwht               605.9712       691.3947       1.140970    
        2015           5 fesc               5867.893       23635.12       4.027872    
        2015           6 swht               17.49505       53.08884       3.034506    
        2015           7 csil               548.7423       6907.702       12.58824    
        2015           8 alfa               343.1180       437.7373       1.275763    
        2015           9 rape               17.15210       84.32905       4.916542    
        2015          10 bsvg              0.0000000E+00  0.0000000E+00  0.0000000E+00
        2015          11 oats               68.75652       55.02867      0.8003411    
        2015          12 past               30.23631       16.43242      0.5434663    
        2015          13 wbar               31.77178       111.5162       3.509913    
        2015          14 barl               11.13752       12.61684       1.132823    
        2015          15 pine               1.359500      0.0000000E+00  0.0000000E+00
        2015          16 rnge               6.244590       7.572562       1.212659    
        2015          17 frse              0.0000000E+00  0.0000000E+00  0.0000000E+00
        2015          18 rngb              0.0000000E+00  0.0000000E+00  0.0000000E+00
        2016           1 frsd              0.0000000E+00  0.0000000E+00  0.0000000E+00
        2016           2 trit               55.08376       129.5310       2.351529    
        2016           3 ryeg               526.0474       904.8414       1.720076    
        2016           4 wwht               386.3500       2042.888       5.287662    
        2016           5 fesc               8102.831       50992.78       6.293205    
        2016           6 swht               38.38337       119.6383       3.116932    
        2016           7 csil               683.3364       10238.29       14.98279    
        2016           8 alfa               499.0323       1504.434       3.014703    
        2016           9 rape               67.20752       473.4433       7.044499    
        2016          10 bsvg              0.0000000E+00  0.0000000E+00  0.0000000E+00
        2016          11 oats               32.63340       50.97381       1.562014    
        2016          12 past              0.5200600      2.7655724E-02  5.3177845E-02
        2016          13 wbar               60.76516       114.9764       1.892143    
        2016          14 barl               18.50306       57.78100       3.122781    
        2016          15 pine               6.595740      0.0000000E+00  0.0000000E+00
        2016          16 rnge              5.3050000E-02  0.0000000E+00  0.0000000E+00
        2016          17 frse              0.0000000E+00  0.0000000E+00  0.0000000E+00
        2016          18 rngb              0.0000000E+00  0.0000000E+00  0.0000000E+00
        2017           1 frsd              0.0000000E+00  0.0000000E+00  0.0000000E+00
        2017           2 trit               22.10806       37.79259       1.709448    
        2017           3 ryeg               1065.772       1445.656       1.356439    
        2017           4 wwht               233.0064       1210.773       5.196310    
        2017           5 fesc               7091.232       26282.39       3.706322    
        2017           6 swht               8.221750       27.85201       3.387601    
        2017           7 csil               325.3092       3619.938       11.12769    
        2017           8 alfa               283.4890       753.8895       2.659325    
        2017           9 rape               57.91188       145.7444       2.516659    
        2017          10 bsvg              0.0000000E+00  0.0000000E+00  0.0000000E+00
        2017          11 oats               25.12943       45.83654       1.824018    
        2017          12 past               11.56735       1.805886      0.1561192    
        2017          13 wbar               40.74877       138.8518       3.407510    
        2017          14 barl               13.42284       40.50942       3.017947    
        2017          15 pine               6.563880      0.0000000E+00  0.0000000E+00
        2017          16 rnge               6.739290      0.0000000E+00  0.0000000E+00
        2017          17 frse              0.0000000E+00  0.0000000E+00  0.0000000E+00
        2017          18 rngb              0.0000000E+00  0.0000000E+00  0.0000000E+00
        2018           1 frsd              0.0000000E+00  0.0000000E+00  0.0000000E+00
        2018           2 trit               64.68737       130.0551       2.010517    
        2018           3 ryeg               1345.749       1236.635      0.9189192    
        2018           4 wwht               812.2343       1093.162       1.345870    
        2018           5 fesc               7243.795       27528.39       3.800272    
        2018           6 swht               5.408070       20.52349       3.794975    
        2018           7 csil               654.4647       9514.319       14.53756    
        2018           8 alfa               338.0156       789.1686       2.334711    
        2018           9 rape               24.27676       119.8720       4.937728    
        2018          10 bsvg              0.0000000E+00  0.0000000E+00  0.0000000E+00
        2018          11 oats               28.84070       51.11028       1.772158    
        2018          12 past               48.57895       70.67156       1.454777    
        2018          13 wbar               92.27931       258.7726       2.804232    
        2018          14 barl               6.779280       23.51968       3.469348    
        2018          15 pine               5.241410      0.0000000E+00  0.0000000E+00
        2018          16 rnge               13.62948       3.174315      0.2329007    
        2018          17 frse              0.0000000E+00  0.0000000E+00  0.0000000E+00
        2018          18 rngb              0.0000000E+00  0.0000000E+00  0.0000000E+00
        2019           1 frsd              0.0000000E+00  0.0000000E+00  0.0000000E+00
        2019           2 trit               30.79244       148.0994       4.809603    
        2019           3 ryeg               541.0230       1615.567       2.986133    
        2019           4 wwht               413.3073       3745.928       9.063301    
        2019           5 fesc               9102.992       49099.41       5.393765    
        2019           6 swht              0.1824300      0.4573202       2.506812    
        2019           7 csil               634.9767       10201.48       16.06591    
        2019           8 alfa               345.7576       2137.359       6.181670    
        2019           9 rape               76.51478       1183.919       15.47307    
        2019          10 bsvg              0.0000000E+00  0.0000000E+00  0.0000000E+00
        2019          11 oats               31.13209       54.91077       1.763800    
        2019          12 past               1.722930       2.236951       1.298340    
        2019          13 wbar               80.07835       1532.768       19.14085    
        2019          14 barl               11.89208       29.77455       2.503729    
        2019          15 pine               10.54742      0.0000000E+00  0.0000000E+00
        2019          16 rnge               1.470070       2.540501       1.728148    
        2019          17 frse              0.0000000E+00  0.0000000E+00  0.0000000E+00
        2019          18 rngb              0.0000000E+00  0.0000000E+00  0.0000000E+00
        2020           1 frsd              0.0000000E+00  0.0000000E+00  0.0000000E+00
        2020           2 trit               35.75198       123.0874       3.442815    
        2020           3 ryeg               572.1761       244.8538      0.4279343    
        2020           4 wwht               286.7657       1622.480       5.657860    
        2020           5 fesc               8762.982       34124.86       3.894206    
        2020           6 swht               4.612220       15.27927       3.312780    
        2020           7 csil               431.1230       7210.404       16.72470    
        2020           8 alfa               399.5430       1127.135       2.821062    
        2020           9 rape               22.61554       140.1572       6.197383    
        2020          10 bsvg              0.0000000E+00  0.0000000E+00  0.0000000E+00
        2020          11 oats               53.69295       132.1355       2.460947    
        2020          12 past              2.6459999E-02  0.0000000E+00  0.0000000E+00
        2020          13 wbar               29.56706       125.3119       4.238227    
        2020          14 barl               21.78499       83.93186       3.852738    
        2020          15 pine              0.4405900      0.0000000E+00  0.0000000E+00
        2020          16 rnge               1.842000       3.844845       2.087320    
        2020          17 frse              0.0000000E+00  0.0000000E+00  0.0000000E+00
        2020          18 rngb              0.0000000E+00  0.0000000E+00  0.0000000E+00
