 optaincs10                SWAT+ Jan 11 2024        MODULAR Rev 2024.61.0                                 
       year     plant_no   plant_name       harv_area(ha)    yld(t)         yld(t/ha)      
        2013           1 frst              0.0000000E+00  0.0000000E+00  0.0000000E+00
        2013           2 rngb              0.0000000E+00  0.0000000E+00  0.0000000E+00
        2013           3 wwht               1547.356       6071.648       3.923887    
        2013           4 swht               137.7794       533.7949       3.874273    
        2013           5 barl               228.5017       666.2117       2.915565    
        2013           6 oats               230.5688       522.7496       2.267217    
        2013           7 cngr               139.0022       496.2957       3.570416    
        2013           8 pota               10.76982       71.13287       6.604833    
        2014           1 frst              0.0000000E+00  0.0000000E+00  0.0000000E+00
        2014           2 rngb              0.0000000E+00  0.0000000E+00  0.0000000E+00
        2014           3 wwht               1663.326       3951.920       2.375914    
        2014           4 swht               53.20324       157.3602       2.957720    
        2014           5 barl               228.5243       776.9608       3.399904    
        2014           6 oats               199.9172       421.8632       2.110189    
        2014           7 cngr               139.0022       205.1242       1.475691    
        2014           8 pota               10.76982       60.22749       5.592247    
        2015           1 frst              0.0000000E+00  0.0000000E+00  0.0000000E+00
        2015           2 rngb              0.0000000E+00  0.0000000E+00  0.0000000E+00
        2015           3 wwht               1535.460       4824.984       3.142369    
        2015           4 swht               106.9300       164.1795       1.535392    
        2015           5 barl               204.9335       324.3484       1.582701    
        2015           6 oats               296.8810       322.7549       1.087153    
        2015           7 cngr               139.0022       83.59096      0.6013644    
        2015           8 pota               10.76982       64.02645       5.944988    
        2016           1 frst              0.0000000E+00  0.0000000E+00  0.0000000E+00
        2016           2 rngb              0.0000000E+00  0.0000000E+00  0.0000000E+00
        2016           3 wwht               1615.592       7123.269       4.409076    
        2016           4 swht               48.64191       159.8362       3.285976    
        2016           5 barl               284.6890       662.4849       2.327047    
        2016           6 oats               195.2820       446.0534       2.284150    
        2016           7 cngr               139.0022       85.80034      0.6172588    
        2016           8 pota               10.76982       55.77525       5.178847    
        2017           1 frst              0.0000000E+00  0.0000000E+00  0.0000000E+00
        2017           2 rngb              0.0000000E+00  0.0000000E+00  0.0000000E+00
        2017           3 wwht               1547.356       6601.322       4.266194    
        2017           4 swht               137.7794       515.7220       3.743100    
        2017           5 barl               228.5017       548.7879       2.401680    
        2017           6 oats               230.5689       585.6155       2.539872    
        2017           7 cngr               139.0022       97.51866      0.7015621    
        2017           8 pota               10.76982       76.69068       7.120887    
        2018           1 frst              0.0000000E+00  0.0000000E+00  0.0000000E+00
        2018           2 rngb              0.0000000E+00  0.0000000E+00  0.0000000E+00
        2018           3 wwht               1663.328       3303.627       1.986155    
        2018           4 swht               53.20323       206.5451       3.882191    
        2018           5 barl               228.5244       1032.981       4.520223    
        2018           6 oats               199.9173       579.0621       2.896509    
        2018           7 cngr               139.0022       127.6523      0.9183473    
        2018           8 pota               10.76982       62.99407       5.849129    
        2019           1 frst              0.0000000E+00  0.0000000E+00  0.0000000E+00
        2019           2 rngb              0.0000000E+00  0.0000000E+00  0.0000000E+00
        2019           3 wwht               1535.459       8046.679       5.240568    
        2019           4 swht               106.9300       307.9807       2.880210    
        2019           5 barl               204.9335       434.3661       2.119547    
        2019           6 oats               296.8810       565.9886       1.906449    
        2019           7 cngr               139.0022       101.4873      0.7301130    
        2019           8 pota               10.76982       67.01649       6.222620    
        2020           1 frst              0.0000000E+00  0.0000000E+00  0.0000000E+00
        2020           2 rngb              0.0000000E+00  0.0000000E+00  0.0000000E+00
        2020           3 wwht               1615.591       7900.819       4.890357    
        2020           4 swht               48.64191       197.5734       4.061792    
        2020           5 barl               284.6891       701.9890       2.465809    
        2020           6 oats               195.2820       358.7608       1.837142    
        2020           7 cngr               139.0022       97.37992      0.7005640    
        2020           8 pota               10.76982       59.25335       5.501795    
