hru_id
8
9
10
11
12
13
14
53
54
55
56
57
58
59
60
61
62
63
64
65
66
67
68
80
81
82
83
84
85
86
87
88
89
90
91
92
157
158
159
160
161
162
163
164
165
166
167
168
169
170
171
172
173
177
178
179
180
181
182
183
184
185
186
187
188
189
190
191
192
193
194
195
196
197
198
199
200
201
202
203
204
205
217
218
219
220
221
234
235
244
245
252
253
254
255
256
261
262
263
264
270
271
272
274
281
282
294
295
296
321
322
323
324
325
326
327
328
329
330
331
332
342
344
345
346
347
348
349
350
351
352
353
354
355
356
357
358
359
360
361
362
363
364
365
366
367
368
390
391
392
393
394
395
396
397
398
399
400
407
408
409
432
433
434
435
436
437
438
439
440
441
448
449
450
465
466
467
468
469
470
471
472
489
490
491
492
493
494
496
497
498
499
500
501
502
503
504
505
506
507
508
509
510
511
512
513
514
515
516
517
518
519
520
521
547
548
549
550
551
552
553
554
555
577
578
579
580
581
582
583
584
585
586
587
588
589
590
591
592
593
594
595
596
597
598
599
600
601
602
603
604
605
606
607
623
624
625
626
650
651
652
653
660
661
662
663
667
690
691
692
693
694
695
696
697
703
704
705
706
710
711
712
713
727
746
747
748
749
750
751
768
769
770
771
772
773
776
784
785
786
787
788
790
793
798
801
802
811
812
813
817
818
819
834
835
841
842
843
844
847
850
851
858
859
865
866
867
878
884
885
891
892
894
902
903
904
905
913
914
915
916
917
918
939
940
941
942
943
944
945
946
947
948
956
957
960
961
962
974
994
995
997
1009
1010
1011
1012
1013
1022
1023
1024
1031
1032
1033
1034
1041
1042
1067
1068
1069
1070
1071
1072
1073
1074
1075
1076
1077
1078
1079
1100
1101
1102
1103
1107
1108
1109
1110
1111
1112
1113
1114
1115
1116
1117
1118
1119
1120
1121
1122
1123
1124
1125
1157
1158
1159
1160
1161
1162
1163
1164
1165
1166
1186
1187
1188
1189
1190
1197
1198
1199
1200
1201
1227
1228
1229
1230
1231
1232
1233
1234
1251
1252
1253
1254
1255
1256
1257
1261
1271
1284
1285
1286
1287
1288
1289
1290
1291
1342
1343
1344
1345
1346
1347
1348
1349
1350
1351
1352
1353
1354
1355
1356
1357
1358
1359
1360
1361
1362
1363
1364
1365
1366
1367
1368
1369
1370
1371
1372
1373
1374
1375
1376
1377
1378
1379
1397
1398
1399
1400
1401
1402
1403
1404
1405
1415
1416
1417
1418
1419
1420
1430
1431
1432
1433
1479
1480
1481
1482
1483
1484
1485
1486
1487
1488
1489
1490
1491
1492
1493
1494
1495
1496
1497
1498
1499
1529
1533
1534
1535
1536
1537
1538
1539
1540
1541
1542
1544
1545
1546
1547
1548
1549
1553
1554
1555
1556
1562
1563
1564
1565
1566
1567
1568
1569
1591
1592
1602
1605
1606
1626
1627
1628
1629
1630
1631
1632
1633
1634
1635
1649
1650
1656
1657
1658
1662
1663
1664
1665
1666
1667
1668
1669
1670
1671
1675
1676
1677
1679
1680
1681
1682
1683
1684
1685
1686
1687
1688
1723
1724
1725
1726
1727
1728
1729
1730
1731
1732
1733
1734
1735
1736
1737
1738
1739
1753
1754
1765
1766
1767
1768
1769
1770
1771
1772
1773
1774
1775
1776
1777
1778
1779
1780
1781
1784
1785
1786
1787
1788
1789
1797
1806
1807
1809
1810
1816
1817
1821
1823
1824
1825
1831
1832
1833
1834
1835
1836
1837
1839
1860
1861
1862
1863
1864
1865
1866
1867
1893
1894
1895
1896
1897
1907
1908
1909
1910
1911
1912
1919
1920
1921
1922
1937
1962
1963
1964
1965
1966
1967
1978
1979
1980
1981
1982
1983
1984
2004
2008
2009
2032
2033
2034
2038
2039
2040
2041
2042
2097
2098
2099
2105
2106
2107
2108
2109
2110
2111
2132
2161
2162
2163
2164
2165
2166
2167
2168
2169
2170
2171
2172
2173
2174
2175
2193
2194
2195
2196
2197
2198
2199
2200
2201
2202
2203
2204
2205
2206
2207
2208
2209
2210
2211
2212
2213
2214
2215
2216
2217
2218
2219
2220
2221
2222
2223
2224
2225
2226
2227
2228
2229
2230
2231
2232
2233
2234
2235
2236
2237
2312
2313
2314
2323
2324
2325
2326
2327
2328
2329
2348
2369
2370
2371
2372
2373
2374
2375
2376
2379
2380
2381
2403
2404
2405
2412
2413
2414
2423
2424
2425
2432
2433
2434
2435
2436
2437
2441
2444
2445
2446
2474
2475
2476
2498
2499
2500
2501
2502
2503
2504
2522
2523
2524
2525
2526
2527
2528
2529
2530
2531
2532
2533
2534
2535
2536
2537
2538
2539
2540
2541
2542
2543
2544
2546
2547
2548
2558
2559
2560
2561
2562
2563
2564
2565
2583
2584
2585
2586
2587
2588
2633
2634
2635
2636
2637
2638
2639
2656
2691
2692
2693
2694
2695
2700
2701
2702
2703
2722
2724
2729
2730
2731
2732
2733
2734
2735
2736
2737
2738
2739
2740
2780
2781
2782
2783
2784
2806
2807
2808
2809
2823
2825
2826
2827
2828
2829
2830
2853
2854
2855
2856
2857
2858
2859
2860
2861
2862
2863
2864
2865
2866
2867
2868
2869
2870
2871
2872
2925
2926
2927
2928
2929
2930
2931
2932
2933
2934
2935
2936
2944
2945
2946
2947
2948
2949
2950
2951
2952
2953
2954
2955
2956
2957
2958
2959
2960
2961
2963
2964
2965
2966
2967
2968
2969
2970
2971
2972
2973
2974
2975
2976
2977
2978
3016
3017
3018
3019
3020
3021
3022
3023
3024
3025
3026
3027
3055
3056
3057
3058
3059
3060
3061
3062
3067
3068
3069
3070
3071
3072
3073
3074
3075
3076
3077
3078
3079
3080
3081
3090
3091
3092
3111
3112
3113
3114
3115
3116
3117
3118
3119
3120
3121
3122
3123
3124
3133
3134
3144
3145
3147
3148
3149
3150
3151
3154
3159
3160
3161
3173
3174
3175
3178
3179
3188
3189
3190
3191
3192
3193
3222
3255
3256
3257
3260
3261
3286
3287
3288
3289
3290
3291
3292
3293
3294
3295
3296
3297
3298
3314
3315
3316
3317
3318
3319
3320
3321
3361
3362
3363
3364
3365
3366
3367
3368
3369
3370
3371
3372
3373
3374
3375
3376
3377
3378
3379
3380
3381
3394
3395
3396
3412
3416
3421
3422
3423
3424
3425
3461
3462
3463
3464
3465
3466
3467
3468
3469
3470
3471
3472
3511
3512
3513
3514
3515
3516
3517
3518
3519
3523
3524
3525
3526
3527
3528
3529
3530
3531
3532
3533
3534
3539
3540
3541
3542
3543
3544
3548
3550
3551
3552
3559
3575
3576
3577
3584
3585
3586
3587
3588
3589
3590
3593
3605
3606
3616
3617
3618
3637
3658
3660
3673
3674
3683
3684
3685
3686
3687
3695
3696
3704
3705
3706
3711
3712
3723
3724
3725
3726
3727
3728
3729
3730
3731
3732
3733
3744
3745
3746
3747
3762
3763
3764
3765
3766
3767
3768
3769
3770
3771
3772
3773
3774
3775
3776
3777
3778
3779
3780
3781
3782
3783
3812
3813
3825
3826
3827
3828
3854
3855
3856
3857
3858
3859
3860
3861
3872
3873
3874
3877
3878
3879
3880
3881
3885
3900
3901
3902
3903
3917
3919
3920
3921
3922
3923
3924
3925
3930
3931
3938
3941
3946
3952
3953
3962
3963
3972
3973
3976
3980
3981
3986
3987
3988
3989
3990
3993
3994
3995
4011
4012
4013
4014
4015
4016
4017
4018
4019
4020
4022
4024
4025
4027
4028
4038
4039
4040
4041
4042
4043
4044
4055
4056
4057
4058
4059
4060
4061
4062
4063
4064
4065
4066
4067
4068
4069
4070
4071
4072
4073
4074
4075
4076
4077
4078
4079
4080
4081
4082
4083
4084
4085
4086
4090
4091
4097
4098
4099
4100
4104
4105
4106
4107
4116
4136
4137
4138
4139
4140
4141
4142
4143
4144
4145
4146
4147
4148
4154
4155
4156
4157
4158
4159
4166
4167
4168
4169
4170
4178
4179
4180
4181
4182
4203
4204
4205
4206
4207
4208
4209
4210
4211
4212
4215
4216
4218
4231
4240
4241
4285
4286
4294
4295
4299
4301
4302
4304
4305
4311
4326
4351
4355
4362
4363
4366
4367
4370
4371
4372
4373
4374
4386
4396
4397
4399
4403
4406
4410
4411
4421
4422
4423
4424
4425
4426
4427
4428
4440
4441
4442
4443
4444
4445
4452
4484
4490
4499
4500
4501
4502
4503
4504
4510
4515
4522
4523
4524
4525
4544
4545
4556
4557
4558
4559
4560
4561
4562
4563
4565
4569
4571
4575
4577
4579
4585
4588
4593
4595
4603
4604
4606
4609
4610
4612
4616
4626
4632
4633
4651
4652
4653
4656
4658
4660
4661
4662
4668
4669
4670
4671
4672
4673
4674
4675
4680
4681
4682
4683
4684
4697
4698
4699
4700
4701
4702
4703
4704
4705
4706
4711
4712
4721
4725
4726
4728
4729
4779
4780
4781
4782
4810
4813
4817
4826
4827
4828
4835
4840
4841
4844
4862
4875
4876
4880
4881
4894
4895
4896
4897
4898
4899
4913
4914
4916
4917
4924
4925
4926
4928
4932
4936
4939
4945
4948
4949
4950
4951
4965
4966
4980
4990
4994
4996
5014
5029
5030
5031
5032
5033
5034
5042
5046
5070
5071
5072
5073
5074
5075
5076
5081
5082
5083
5084
5090
5092
5093
5094
5095
5096
5097
5107
5108
5111
5112
5118
5119
5120
5125
5135
5142
5143
5144
5156
5157
5158
5159
5160
5161
5162
5164
5170
5171
5172
5178
5186
5187
5188
5189
5192
5193
5194
5203
5204
5205
5206
5207
5214
5219
5234
5235
5241
5242
5243
5244
5280
5281
5282
5283
5284
5285
5286
5287
5288
5289
5290
5291
5292
5293
5294
5340
5341
5342
5343
5344
5345
5346
5348
5349
5350
5351
5352
5353
5354
5355
5356
5357
5358
5359
5360
5361
5362
5368
5369
5370
5371
5375
5376
5377
5380
5382
5383
5390
5394
5395
5396
5397
5398
5399
5400
5415
5416
5417
5418
5420
5421
5422
5423
5424
5425
5447
5448
5449
5450
5453
5456
5457
5500
5501
5519
5561
5562
5585
5586
5587
5588
5589
5590
5606
5607
5608
5610
5612
5616
5630
5631
5632
5639
5640
5645
5646
5647
5648
5652
5653
5656
5658
5659
5660
5663
5666
5667
5668
5669
5670
5681
5682
5683
5691
5704
5705
5707
5712
5713
5714
5719
5736
5739
5744
5746
5747
5748
5749
5750
5753
5754
5755
5757
5758
5759
5760
5761
5762
5764
5765
5766
5767
5774
5775
5778
5779
5780
5783
5785
5786
5787
5788
5803
5804
5805
5808
5809
5811
5812
5813
5817
5818
5819
5823
5830
5841
5842
5843
5844
5845
5846
5856
5857
5858
5859
5860
5861
5862
5864
5894
5895
5896
5897
5898
5899
5906
5922
5923
5924
5925
5926
5927
5930
5931
5932
5933
5941
5942
5943
5944
5947
5948
5949
5950
5951
5956
5959
5960
5961
5962
5976
5977
5978
5979
6007
6008
6009
6010
6011
6013
6014
6025
6039
6040
6047
6048
6049
6050
6058
6059
6060
6061
6076
6077
6078
6079
6080
6081
6082
6083
6087
6089
6106
6107
6108
6109
6110
6111
6112
6113
6114
6115
6116
6130
6131
6132
6133
6134
6135
6136
6137
6143
6144
6145
6150
6154
6155
6160
6161
6162
6163
6164
6165
6166
6176
6177
6178
6179
6180
6181
6182
6183
6184
6185
6189
6190
6191
6192
6195
6196
6197
6198
6203
6204
6206
