 test_CS9_final_v3         SWAT+ Jan 11 2024        MODULAR Rev 2024.61.0                                 
       year     plant_no   plant_name       harv_area(ha)    yld(t)         yld(t/ha)      
        2002           1 hayd               11152.80       47562.85       4.264656    
        2002           2 frst               6635.521       7576.939       1.141875    
        2002           3 orcd               309.3791       479.0688       1.548485    
        2002           4 rnge              0.0000000E+00  0.0000000E+00  0.0000000E+00
        2002           5 must               114.6729      0.0000000E+00  0.0000000E+00
        2002           6 csi1               304.3830       5379.230       17.67257    
        2002           7 alfa              0.0000000E+00  0.0000000E+00  0.0000000E+00
        2002           8 soy1               36.12334       108.8174       3.012386    
        2002           9 wwht               206.7029       3732.992       18.05970    
        2002          10 csi2               423.9132       6400.859       15.09946    
        2002          11 ryeg               285.7024       2722.097       9.527738    
        2002          12 soy2               68.49206       154.0114       2.248602    
        2002          13 hay               0.0000000E+00  0.0000000E+00  0.0000000E+00
        2003           1 hayd               11152.78       29831.58       2.674811    
        2003           2 frst               6635.518       7591.162       1.144019    
        2003           3 orcd               309.3791       650.1945       2.101611    
        2003           4 rnge              0.0000000E+00  0.0000000E+00  0.0000000E+00
        2003           5 must               121.2078      0.0000000E+00  0.0000000E+00
        2003           6 csi1               306.2339       5914.972       19.31521    
        2003           7 alfa               582.9474       2049.576       3.515886    
        2003           8 soy1               42.93919       161.9697       3.772071    
        2003           9 wwht               163.6008       1522.280       9.304843    
        2003          10 csi2               359.9884       5454.117       15.15081    
        2003          11 ryeg               285.0749       1582.154       5.549959    
        2003          12 soy2               88.68704       235.8033       2.658824    
        2003          13 hay                700.5383       979.9599       1.398867    
        2004           1 hayd               11152.78       21452.35       1.923498    
        2004           2 frst               6635.513       7575.487       1.141658    
        2004           3 orcd               309.3791       671.0829       2.169128    
        2004           4 rnge              0.0000000E+00  0.0000000E+00  0.0000000E+00
        2004           5 must               151.3503      0.0000000E+00  0.0000000E+00
        2004           6 csi1               407.2415       7521.193       18.46863    
        2004           7 alfa               302.6380       1406.614       4.647843    
        2004           8 soy1               26.54820       99.95500       3.765038    
        2004           9 wwht               207.7667       2162.576       10.40867    
        2004          10 csi2               375.3133       5985.230       15.94729    
        2004          11 ryeg               235.9666       1174.779       4.978581    
        2004          12 soy2               68.42009       212.6213       3.107586    
        2004          13 hay                635.6971       1318.752       2.074497    
        2005           1 hayd               11152.80       26139.01       2.343716    
        2005           2 frst               6635.518       7899.609       1.190504    
        2005           3 orcd               309.3791       722.1071       2.334053    
        2005           4 rnge              0.0000000E+00  0.0000000E+00  0.0000000E+00
        2005           5 must               197.4642      0.0000000E+00  0.0000000E+00
        2005           6 csi1               363.8806       7638.909       20.99290    
        2005           7 alfa               393.7565       1666.072       4.231224    
        2005           8 soy1               49.52067       197.1235       3.980630    
        2005           9 wwht               213.3979       2482.170       11.63165    
        2005          10 csi2               346.6363       5668.461       16.35277    
        2005          11 ryeg               235.8124       1553.566       6.588143    
        2005          12 soy2               102.5740       312.9525       3.050994    
        2005          13 hay                748.6669       1811.962       2.420251    
        2006           1 hayd               11152.79       25518.27       2.288061    
        2006           2 frst               6635.515       8155.156       1.229016    
        2006           3 orcd               309.3792       747.7863       2.417054    
        2006           4 rnge              0.0000000E+00  0.0000000E+00  0.0000000E+00
        2006           5 must               307.2036      0.0000000E+00  0.0000000E+00
        2006           6 csi1               432.6563       8756.844       20.23972    
        2006           7 alfa               122.7525       471.6545       3.842320    
        2006           8 soy1               61.45624       229.0659       3.727300    
        2006           9 wwht               205.6430       2374.812       11.54823    
        2006          10 csi2               390.3979       5318.963       13.62446    
        2006          11 ryeg               282.0409       1650.482       5.851924    
        2006          12 soy2               97.28596       306.0075       3.145444    
        2006          13 hay                569.5607       1229.306       2.158341    
        2007           1 hayd               11152.80       25550.58       2.290957    
        2007           2 frst               6635.516       8203.092       1.236240    
        2007           3 orcd               309.3790       766.4902       2.477512    
        2007           4 rnge              0.0000000E+00  0.0000000E+00  0.0000000E+00
        2007           5 must               368.5558      0.0000000E+00  0.0000000E+00
        2007           6 csi1               417.9558       7938.575       18.99382    
        2007           7 alfa               302.9767       1186.961       3.917666    
        2007           8 soy1               38.46951       158.9482       4.131796    
        2007           9 wwht               170.4796       2312.484       13.56458    
        2007          10 csi2               383.8978       6652.146       17.32791    
        2007          11 ryeg               285.5525       2119.210       7.421437    
        2007          12 soy2               72.13413       226.5532       3.140721    
        2007          13 hay                737.7390       1809.396       2.452624    
        2008           1 hayd               11152.79       21525.80       1.930082    
        2008           2 frst               6635.520       8091.884       1.219480    
        2008           3 orcd               309.3790       711.1391       2.298602    
        2008           4 rnge              0.0000000E+00  0.0000000E+00  0.0000000E+00
        2008           5 must               362.6132      0.0000000E+00  0.0000000E+00
        2008           6 csi1               423.1851       6406.302       15.13830    
        2008           7 alfa               102.7440       340.5551       3.314600    
        2008           8 soy1               58.69632       199.8008       3.403975    
        2008           9 wwht               201.9964       2668.009       13.20820    
        2008          10 csi2               340.0917       5515.211       16.21684    
        2008          11 ryeg               243.2179       1708.291       7.023707    
        2008          12 soy2               105.1223       308.1581       2.931424    
        2008          13 hay                643.1262       1156.307       1.797947    
        2009           1 hayd               11152.79       29942.36       2.684742    
        2009           2 frst               6635.518       8253.790       1.243880    
        2009           3 orcd               309.3789       729.5765       2.358197    
        2009           4 rnge              0.0000000E+00  0.0000000E+00  0.0000000E+00
        2009           5 must               338.9537      0.0000000E+00  0.0000000E+00
        2009           6 csi1               400.8740       8134.923       20.29297    
        2009           7 alfa               278.7937       1152.291       4.133133    
        2009           8 soy1               29.97816       117.4803       3.918863    
        2009           9 wwht               212.3663       3081.018       14.50803    
        2009          10 csi2               366.9983       6361.473       17.33380    
        2009          11 ryeg               239.5711       1306.682       5.454256    
        2009          12 soy2               84.93906       247.8253       2.917684    
        2009          13 hay                843.5504       2022.427       2.397518    
        2010           1 hayd               11152.79       20895.63       1.873578    
        2010           2 frst               6635.517       8229.201       1.240175    
        2010           3 orcd               309.3790       701.5520       2.267614    
        2010           4 rnge              0.0000000E+00  0.0000000E+00  0.0000000E+00
        2010           5 must               349.8240      0.0000000E+00  0.0000000E+00
        2010           6 csi1               383.2133       6749.739       17.61353    
        2010           7 alfa               169.8729       722.2813       4.251892    
        2010           8 soy1               58.75182       174.9495       2.977772    
        2010           9 wwht               212.0810       2248.894       10.60394    
        2010          10 csi2               372.1136       4810.242       12.92681    
        2010          11 ryeg               276.1370       1120.508       4.057798    
        2010          12 soy2               116.1044       279.3405       2.405941    
        2010          13 hay                804.4446       1813.903       2.254851    
        2011           1 hayd               11152.79       18636.91       1.671054    
        2011           2 frst               6635.515       7897.761       1.190226    
        2011           3 orcd               309.3792       685.2019       2.214764    
        2011           4 rnge              0.0000000E+00  0.0000000E+00  0.0000000E+00
        2011           5 must               308.1968      0.0000000E+00  0.0000000E+00
        2011           6 csi1               373.0807       6591.264       17.66713    
        2011           7 alfa               374.4431       1526.049       4.075517    
        2011           8 soy1               27.63473       101.0231       3.655658    
        2011           9 wwht               165.0642       1385.041       8.390923    
        2011          10 csi2               339.1524       5408.632       15.94750    
        2011          11 ryeg               287.3328       1636.999       5.697222    
        2011          12 soy2               113.2446       337.1098       2.976828    
        2011          13 hay                829.9292       1815.934       2.188060    
        2012           1 hayd               11152.78       18519.32       1.660512    
        2012           2 frst               6635.519       7793.933       1.174578    
        2012           3 orcd               309.3791       716.9092       2.317252    
        2012           4 rnge              0.0000000E+00  0.0000000E+00  0.0000000E+00
        2012           5 must               328.6470      0.0000000E+00  0.0000000E+00
        2012           6 csi1               366.5091       5859.710       15.98790    
        2012           7 alfa               398.9094       1595.022       3.998456    
        2012           8 soy1               50.79407       174.7956       3.441260    
        2012           9 wwht               198.5611       2312.278       11.64517    
        2012          10 csi2               351.1064       5102.878       14.53371    
        2012          11 ryeg               241.6386       1584.153       6.555876    
        2012          12 soy2               89.09328       259.7254       2.915207    
        2012          13 hay                686.8732       1394.877       2.030763    
        2013           1 hayd               11152.79       16528.53       1.482008    
        2013           2 frst               6635.518       7970.436       1.201178    
        2013           3 orcd               309.3791       714.1631       2.308375    
        2013           4 rnge              0.0000000E+00  0.0000000E+00  0.0000000E+00
        2013           5 must               334.6309      0.0000000E+00  0.0000000E+00
        2013           6 csi1               382.7615       5155.917       13.47031    
        2013           7 alfa               446.5708       1353.394       3.030638    
        2013           8 soy1               32.55254       102.8095       3.158262    
        2013           9 wwht               226.6149       1324.873       5.846364    
        2013          10 csi2               378.8007       5876.624       15.51376    
        2013          11 ryeg               231.3806       435.5764       1.882511    
        2013          12 soy2               79.19479       234.5673       2.961904    
        2013          13 hay                586.3054       849.8118       1.449436    
        2014           1 hayd               11152.79       18848.97       1.690068    
        2014           2 frst               6635.517       7703.718       1.160982    
        2014           3 orcd               309.3791       667.4039       2.157237    
        2014           4 rnge              0.0000000E+00  0.0000000E+00  0.0000000E+00
        2014           5 must               301.7128      0.0000000E+00  0.0000000E+00
        2014           6 csi1               357.4811       5697.961       15.93919    
        2014           7 alfa               322.0095       1549.524       4.812045    
        2014           8 soy1               92.22025       252.4520       2.737489    
        2014           9 wwht               192.9577       1860.609       9.642571    
        2014          10 csi2               401.2826       4378.189       10.91049    
        2014          11 ryeg               291.6647       1636.032       5.609292    
        2014          12 soy2               83.33966       124.4110       1.492818    
        2014          13 hay                619.7079       1281.133       2.067318    
        2015           1 hayd               11152.79       22986.75       2.061077    
        2015           2 frst               6635.516       7882.808       1.187972    
        2015           3 orcd               309.3792       760.2646       2.457388    
        2015           4 rnge              0.0000000E+00  0.0000000E+00  0.0000000E+00
        2015           5 must               306.0628      0.0000000E+00  0.0000000E+00
        2015           6 csi1               373.3105       6869.353       18.40118    
        2015           7 alfa               445.8060       1880.687       4.218621    
        2015           8 soy1               51.15603       184.8259       3.612984    
        2015           9 wwht               173.0931       1768.749       10.21848    
        2015          10 csi2               383.7062       5532.531       14.41867    
        2015          11 ryeg               285.5595       1604.961       5.620409    
        2015          12 soy2               74.94634       196.0382       2.615714    
        2015          13 hay                689.6255       1385.081       2.008453    
        2016           1 hayd               11152.80       19287.87       1.729419    
        2016           2 frst               6635.520       7877.090       1.187110    
        2016           3 orcd               309.3791       710.7366       2.297300    
        2016           4 rnge              0.0000000E+00  0.0000000E+00  0.0000000E+00
        2016           5 must               354.8130      0.0000000E+00  0.0000000E+00
        2016           6 csi1               410.9373       6584.688       16.02358    
        2016           7 alfa               325.8801       1393.332       4.275596    
        2016           8 soy1               34.39545       115.1381       3.347481    
        2016           9 wwht               203.2731       2559.824       12.59303    
        2016          10 csi2               341.0999       5628.258       16.50032    
        2016          11 ryeg               233.8061       1647.184       7.045084    
        2016          12 soy2               95.97926       301.9060       3.145534    
        2016          13 hay                747.5132       1550.131       2.073717    
        2017           1 hayd               11152.80       29110.83       2.610181    
        2017           2 frst               6635.521       8042.645       1.212059    
        2017           3 orcd               309.3792       790.7335       2.555872    
        2017           4 rnge              0.0000000E+00  0.0000000E+00  0.0000000E+00
        2017           5 must               315.6276      0.0000000E+00  0.0000000E+00
        2017           6 csi1               353.7229       6950.206       19.64873    
        2017           7 alfa               396.4705       1696.306       4.278518    
        2017           8 soy1               54.14162       191.7723       3.542050    
        2017           9 wwht               216.7895       2829.837       13.05338    
        2017          10 csi2               361.6675       5471.351       15.12812    
        2017          11 ryeg               236.2423       1882.070       7.966691    
        2017          12 soy2               91.36431       233.2098       2.552526    
        2017          13 hay                810.7512       1876.906       2.315021    
        2018           1 hayd               11152.80       27580.03       2.472924    
        2018           2 frst               6635.516       8038.330       1.211410    
        2018           3 orcd               309.3790       814.5738       2.632932    
        2018           4 rnge              0.0000000E+00  0.0000000E+00  0.0000000E+00
        2018           5 must               287.1811      0.0000000E+00  0.0000000E+00
        2018           6 csi1               355.6251       7391.994       20.78592    
        2018           7 alfa               271.7629       1102.915       4.058372    
        2018           8 soy1               41.47836       147.4850       3.555710    
        2018           9 wwht               201.8312       2897.269       14.35491    
        2018          10 csi2               399.2354       6322.023       15.83533    
        2018          11 ryeg               281.5464       1158.446       4.114582    
        2018          12 soy2               84.14213       221.1216       2.627953    
        2018          13 hay                746.8209       1480.408       1.982280    
        2019           1 hayd               11152.78       21432.69       1.921735    
        2019           2 frst               6635.518       8225.541       1.239623    
        2019           3 orcd               309.3790       838.9850       2.711836    
        2019           4 rnge              0.0000000E+00  0.0000000E+00  0.0000000E+00
        2019           5 must               281.9541      0.0000000E+00  0.0000000E+00
        2019           6 csi1               388.5604       7328.146       18.85973    
        2019           7 alfa               402.6642       1661.980       4.127460    
        2019           8 soy1               32.93205       105.5111       3.203904    
        2019           9 wwht               165.8751       2517.945       15.17976    
        2019          10 csi2               347.7813       5218.263       15.00444    
        2019          11 ryeg               272.2977       2059.484       7.563355    
        2019          12 soy2               90.39139       236.3929       2.615214    
        2019          13 hay                767.0445       1545.091       2.014344    
        2020           1 hayd               11152.79       26591.70       2.384310    
        2020           2 frst               6635.518       8469.007       1.276314    
        2020           3 orcd               309.3790       838.4805       2.710205    
        2020           4 rnge              0.0000000E+00  0.0000000E+00  0.0000000E+00
        2020           5 must               273.2586      0.0000000E+00  0.0000000E+00
        2020           6 csi1               393.4718       7931.323       20.15729    
        2020           7 alfa               173.3667       796.6058       4.594919    
        2020           8 soy1               52.76305       182.6054       3.460858    
        2020           9 wwht               199.7767       2479.475       12.41123    
        2020          10 csi2               322.7596       5184.011       16.06153    
        2020          11 ryeg               257.2077       1682.755       6.542399    
        2020          12 soy2               134.2247       377.3351       2.811220    
        2020          13 hay                647.4582       1494.089       2.307622    
