 cs4_project               SWAT+ Jan 11 2024        MODULAR Rev 2024.61.0                                 
       year     plant_no   plant_name       harv_area(ha)    yld(t)         yld(t/ha)      
        2003           1 wwht               3551.096       17369.30       4.891251    
        2003           2 trit               1019.328       5775.413       5.665901    
        2003           3 corn               3419.411       21438.98       6.269786    
        2003           4 barl               1142.496       3559.625       3.115655    
        2003           5 mint               1760.052       801.1710      0.4551973    
        2003           6 sgbt               1111.746       13384.48       12.03915    
        2003           7 alfa               1826.453       8089.476       4.429064    
        2003           8 crrt               215.7097       1643.641       7.619688    
        2003           9 canp               484.8960       957.0108       1.973641    
        2003          10 fesc               1406.227       5311.855       3.777382    
        2003          11 onio               487.1664       538.6287       1.105636    
        2003          12 lett               1527.031       3025.385       1.981221    
        2003          13 orcd               47.93545       11.07228      0.2309832    
        2003          14 frst              0.0000000E+00  0.0000000E+00  0.0000000E+00
        2003          15 rnge               298.3840      0.0000000E+00  0.0000000E+00
        2003          16 frse              0.0000000E+00  0.0000000E+00  0.0000000E+00
        2003          17 wetl              0.0000000E+00  0.0000000E+00  0.0000000E+00
        2003          18 frsd              0.0000000E+00  0.0000000E+00  0.0000000E+00
        2004           1 wwht               4004.909       16832.93       4.203074    
        2004           2 trit               698.1014       2777.958       3.979304    
        2004           3 corn               4548.660       16450.71       3.616606    
        2004           4 barl               1195.860       5137.006       4.295658    
        2004           5 mint               1061.569       554.4416      0.5222848    
        2004           6 sgbt               1059.133       11257.16       10.62865    
        2004           7 alfa               1826.453       5380.328       2.945780    
        2004           8 crrt              0.0000000E+00  0.0000000E+00  0.0000000E+00
        2004           9 canp               566.0447       2331.536       4.118996    
        2004          10 fesc               1406.227       4930.803       3.506407    
        2004          11 onio               90.13853       148.8774       1.651651    
        2004          12 lett              0.0000000E+00  0.0000000E+00  0.0000000E+00
        2004          13 orcd               47.93545       12.77787      0.2665640    
        2004          14 frst              0.0000000E+00  0.0000000E+00  0.0000000E+00
        2004          15 rnge               298.3840      0.0000000E+00  0.0000000E+00
        2004          16 frse              0.0000000E+00  0.0000000E+00  0.0000000E+00
        2004          17 wetl              0.0000000E+00  0.0000000E+00  0.0000000E+00
        2004          18 frsd              0.0000000E+00  0.0000000E+00  0.0000000E+00
        2005           1 wwht               4450.698       14195.07       3.189404    
        2005           2 trit               620.3510       1716.797       2.767460    
        2005           3 corn               4534.849       14161.68       3.122857    
        2005           4 barl               950.3719       3654.644       3.845488    
        2005           5 mint               1005.089       531.6295      0.5289377    
        2005           6 sgbt               1033.551       9028.072       8.735006    
        2005           7 alfa               1826.454       4748.549       2.599874    
        2005           8 crrt              0.0000000E+00  0.0000000E+00  0.0000000E+00
        2005           9 canp               442.0643       1726.822       3.906269    
        2005          10 fesc               1406.227       4625.516       3.289309    
        2005          11 onio               149.8441       220.6666       1.472641    
        2005          12 lett               37.44512       63.92133       1.707067    
        2005          13 orcd               47.93546       14.42314      0.3008868    
        2005          14 frst              0.0000000E+00  0.0000000E+00  0.0000000E+00
        2005          15 rnge               298.3840      0.0000000E+00  0.0000000E+00
        2005          16 frse              0.0000000E+00  0.0000000E+00  0.0000000E+00
        2005          17 wetl              0.0000000E+00  0.0000000E+00  0.0000000E+00
        2005          18 frsd              0.0000000E+00  0.0000000E+00  0.0000000E+00
        2006           1 wwht               3800.789       7663.347       2.016252    
        2006           2 trit               2311.129       4095.991       1.772290    
        2006           3 corn               2212.949       10012.81       4.524645    
        2006           4 barl               1856.753       5068.589       2.729814    
        2006           5 mint               325.9351       144.2361      0.4425300    
        2006           6 sgbt               1452.234       12187.11       8.391974    
        2006           7 alfa               1826.453       4923.506       2.695665    
        2006           8 crrt              0.0000000E+00  0.0000000E+00  0.0000000E+00
        2006           9 canp               736.5712       1503.992       2.041883    
        2006          10 fesc               1406.226       4836.942       3.439662    
        2006          11 onio               160.2421       174.1420       1.086743    
        2006          12 lett              0.0000000E+00  0.0000000E+00  0.0000000E+00
        2006          13 orcd               47.93545       15.20315      0.3171588    
        2006          14 frst              0.0000000E+00  0.0000000E+00  0.0000000E+00
        2006          15 rnge               298.3840      0.0000000E+00  0.0000000E+00
        2006          16 frse              0.0000000E+00  0.0000000E+00  0.0000000E+00
        2006          17 wetl              0.0000000E+00  0.0000000E+00  0.0000000E+00
        2006          18 frsd              0.0000000E+00  0.0000000E+00  0.0000000E+00
        2007           1 wwht               3921.006       23688.52       6.041440    
        2007           2 trit               1341.583       7735.126       5.765669    
        2007           3 corn               3617.242       27190.48       7.516907    
        2007           4 barl               1730.522       8508.312       4.916615    
        2007           5 mint               895.4796       467.8510      0.5224586    
        2007           6 sgbt               1127.481       15904.21       14.10596    
        2007           7 alfa               1826.454       7704.036       4.218029    
        2007           8 crrt              0.0000000E+00  0.0000000E+00  0.0000000E+00
        2007           9 canp               481.3561       1025.580       2.130606    
        2007          10 fesc               1406.226       5489.551       3.903747    
        2007          11 onio               26.70281       38.06720       1.425588    
        2007          12 lett              0.0000000E+00  0.0000000E+00  0.0000000E+00
        2007          13 orcd               47.93545       17.43460      0.3637100    
        2007          14 frst              0.0000000E+00  0.0000000E+00  0.0000000E+00
        2007          15 rnge               298.3840      0.0000000E+00  0.0000000E+00
        2007          16 frse              0.0000000E+00  0.0000000E+00  0.0000000E+00
        2007          17 wetl              0.0000000E+00  0.0000000E+00  0.0000000E+00
        2007          18 frsd              0.0000000E+00  0.0000000E+00  0.0000000E+00
        2008           1 wwht               2953.695       11373.27       3.850522    
        2008           2 trit               737.1736       2988.423       4.053893    
        2008           3 corn               3744.911       21933.01       5.856751    
        2008           4 barl               2651.765       10432.78       3.934276    
        2008           5 mint               529.3970       283.6882      0.5358704    
        2008           6 sgbt               1500.360       16581.63       11.05177    
        2008           7 alfa               1826.454       6908.682       3.782566    
        2008           8 crrt              0.0000000E+00  0.0000000E+00  0.0000000E+00
        2008           9 canp               681.1478       2618.951       3.844909    
        2008          10 fesc               1406.227       4708.156       3.348078    
        2008          11 onio               159.8801       209.4141       1.309820    
        2008          12 lett              0.0000000E+00  0.0000000E+00  0.0000000E+00
        2008          13 orcd               47.93545       19.10512      0.3985592    
        2008          14 frst              0.0000000E+00  0.0000000E+00  0.0000000E+00
        2008          15 rnge               298.3840      0.0000000E+00  0.0000000E+00
        2008          16 frse              0.0000000E+00  0.0000000E+00  0.0000000E+00
        2008          17 wetl              0.0000000E+00  0.0000000E+00  0.0000000E+00
        2008          18 frsd              0.0000000E+00  0.0000000E+00  0.0000000E+00
        2009           1 wwht               3969.154       23521.63       5.926108    
        2009           2 trit               1710.250       9010.539       5.268550    
        2009           3 corn               3763.041       28138.38       7.477565    
        2009           4 barl               958.7629       4432.758       4.623414    
        2009           5 mint               1137.766       586.1116      0.5151425    
        2009           6 sgbt               1107.442       16511.90       14.90995    
        2009           7 alfa               1826.453       7289.582       3.991113    
        2009           8 crrt              0.0000000E+00  0.0000000E+00  0.0000000E+00
        2009           9 canp               540.2122       2607.773       4.827313    
        2009          10 fesc               1406.227       5156.666       3.667023    
        2009          11 onio               75.89573       103.4357       1.362865    
        2009          12 lett              0.0000000E+00  0.0000000E+00  0.0000000E+00
        2009          13 orcd               47.93545       20.71603      0.4321651    
        2009          14 frst              0.0000000E+00  0.0000000E+00  0.0000000E+00
        2009          15 rnge               298.3840      0.0000000E+00  0.0000000E+00
        2009          16 frse              0.0000000E+00  0.0000000E+00  0.0000000E+00
        2009          17 wetl              0.0000000E+00  0.0000000E+00  0.0000000E+00
        2009          18 frsd              0.0000000E+00  0.0000000E+00  0.0000000E+00
        2010           1 wwht               4104.913       27165.03       6.617687    
        2010           2 trit               774.5511       4691.133       6.056583    
        2010           3 corn               3576.175       25705.42       7.187964    
        2010           4 barl               1714.049       10636.41       6.205431    
        2010           5 mint               1962.310       1340.521      0.6831341    
        2010           6 sgbt               896.2775       12827.46       14.31192    
        2010           7 alfa               1826.453       8179.972       4.478611    
        2010           8 crrt              0.0000000E+00  0.0000000E+00  0.0000000E+00
        2010           9 canp               515.7373       2805.549       5.439879    
        2010          10 fesc               1406.226       5552.908       3.948802    
        2010          11 onio               128.0343       229.1875       1.790048    
        2010          12 lett               10.95720       21.47175       1.959602    
        2010          13 orcd               47.93544       22.00605      0.4590769    
        2010          14 frst              0.0000000E+00  0.0000000E+00  0.0000000E+00
        2010          15 rnge               298.3840      0.0000000E+00  0.0000000E+00
        2010          16 frse              0.0000000E+00  0.0000000E+00  0.0000000E+00
        2010          17 wetl              0.0000000E+00  0.0000000E+00  0.0000000E+00
        2010          18 frsd              0.0000000E+00  0.0000000E+00  0.0000000E+00
        2011           1 wwht               3758.716       23546.86       6.264602    
        2011           2 trit               740.2640       4459.010       6.023540    
        2011           3 corn               4074.066       28306.35       6.947935    
        2011           4 barl               1442.435       8644.425       5.992937    
        2011           5 mint               1300.039       846.9815      0.6515049    
        2011           6 sgbt               1185.392       17564.92       14.81782    
        2011           7 alfa               1826.453       8561.524       4.687514    
        2011           8 crrt              0.0000000E+00  0.0000000E+00  0.0000000E+00
        2011           9 canp               639.4313       3487.732       5.454427    
        2011          10 fesc               1406.226       6020.330       4.281195    
        2011          11 onio               201.4250       349.2499       1.733896    
        2011          12 lett               7.549280       14.73457       1.951784    
        2011          13 orcd               47.93546       23.48758      0.4899834    
        2011          14 frst              0.0000000E+00  0.0000000E+00  0.0000000E+00
        2011          15 rnge               298.3840      0.0000000E+00  0.0000000E+00
        2011          16 frse              0.0000000E+00  0.0000000E+00  0.0000000E+00
        2011          17 wetl              0.0000000E+00  0.0000000E+00  0.0000000E+00
        2011          18 frsd              0.0000000E+00  0.0000000E+00  0.0000000E+00
        2012           1 wwht               3551.100       20555.87       5.788593    
        2012           2 trit               1019.292       6022.840       5.908845    
        2012           3 corn               3419.648       22043.62       6.446167    
        2012           4 barl               1142.789       5677.622       4.968214    
        2012           5 mint               1759.062       1019.941      0.5798209    
        2012           6 sgbt               1111.746       15666.65       14.09194    
        2012           7 alfa               1826.453       8862.322       4.852205    
        2012           8 crrt               215.7097       1729.651       8.018421    
        2012           9 canp               484.8962       1735.002       3.578088    
        2012          10 fesc               1406.226       4928.362       3.504672    
        2012          11 onio               487.1664       777.9717       1.596932    
        2012          12 lett               1527.030       3043.970       1.993392    
        2012          13 orcd               47.93545       24.64873      0.5142068    
        2012          14 frst              0.0000000E+00  0.0000000E+00  0.0000000E+00
        2012          15 rnge               298.3840      0.0000000E+00  0.0000000E+00
        2012          16 frse              0.0000000E+00  0.0000000E+00  0.0000000E+00
        2012          17 wetl              0.0000000E+00  0.0000000E+00  0.0000000E+00
        2012          18 frsd              0.0000000E+00  0.0000000E+00  0.0000000E+00
        2013           1 wwht               4004.911       25276.44       6.311361    
        2013           2 trit               698.8489       4196.789       6.005289    
        2013           3 corn               4548.398       31650.57       6.958618    
        2013           4 barl               1195.413       6564.254       5.491201    
        2013           5 mint               1061.496       631.2214      0.5946526    
        2013           6 sgbt               1059.133       16387.24       15.47232    
        2013           7 alfa               1826.453       8298.359       4.543429    
        2013           8 crrt              0.0000000E+00  0.0000000E+00  0.0000000E+00
        2013           9 canp               566.0446       2854.555       5.042986    
        2013          10 fesc               1406.227       5409.892       3.847098    
        2013          11 onio               90.13852       147.0673       1.631570    
        2013          12 lett              0.0000000E+00  0.0000000E+00  0.0000000E+00
        2013          13 orcd               47.93545       25.56016      0.5332204    
        2013          14 frst              0.0000000E+00  0.0000000E+00  0.0000000E+00
        2013          15 rnge               298.3840      0.0000000E+00  0.0000000E+00
        2013          16 frse              0.0000000E+00  0.0000000E+00  0.0000000E+00
        2013          17 wetl              0.0000000E+00  0.0000000E+00  0.0000000E+00
        2013          18 frsd              0.0000000E+00  0.0000000E+00  0.0000000E+00
        2014           1 wwht               4450.694       13023.63       2.926202    
        2014           2 trit               620.0834       2042.996       3.294711    
        2014           3 corn               4534.851       12543.91       2.766113    
        2014           4 barl               950.3663       3569.361       3.755774    
        2014           5 mint               1005.638       482.7594      0.4800529    
        2014           6 sgbt               1033.551       8074.493       7.812380    
        2014           7 alfa               1826.453       6311.402       3.455551    
        2014           8 crrt              0.0000000E+00  0.0000000E+00  0.0000000E+00
        2014           9 canp               442.0644       1714.779       3.879026    
        2014          10 fesc               1406.227       4302.880       3.059875    
        2014          11 onio               149.8441       189.1809       1.262518    
        2014          12 lett               37.44512       59.84645       1.598245    
        2014          13 orcd               47.93545       25.49398      0.5318398    
        2014          14 frst              0.0000000E+00  0.0000000E+00  0.0000000E+00
        2014          15 rnge               298.3840      0.0000000E+00  0.0000000E+00
        2014          16 frse              0.0000000E+00  0.0000000E+00  0.0000000E+00
        2014          17 wetl              0.0000000E+00  0.0000000E+00  0.0000000E+00
        2014          18 frsd              0.0000000E+00  0.0000000E+00  0.0000000E+00
        2015           1 wwht               3800.814       12921.64       3.399704    
        2015           2 trit               2310.654       7692.952       3.329340    
        2015           3 corn               2212.948       7270.643       3.285501    
        2015           4 barl               1857.481       4741.221       2.552501    
        2015           5 mint               325.3862       112.3663      0.3453320    
        2015           6 sgbt               1452.233       11634.04       8.011133    
        2015           7 alfa               1826.453       5018.020       2.747412    
        2015           8 crrt              0.0000000E+00  0.0000000E+00  0.0000000E+00
        2015           9 canp               736.5710       1328.069       1.803042    
        2015          10 fesc               1406.227       3642.081       2.589967    
        2015          11 onio               160.2422       201.0951       1.254945    
        2015          12 lett              0.0000000E+00  0.0000000E+00  0.0000000E+00
        2015          13 orcd               47.93545       24.55549      0.5122615    
        2015          14 frst              0.0000000E+00  0.0000000E+00  0.0000000E+00
        2015          15 rnge               298.3840      0.0000000E+00  0.0000000E+00
        2015          16 frse              0.0000000E+00  0.0000000E+00  0.0000000E+00
        2015          17 wetl              0.0000000E+00  0.0000000E+00  0.0000000E+00
        2015          18 frsd              0.0000000E+00  0.0000000E+00  0.0000000E+00
        2016           1 wwht               3920.979       13363.50       3.408205    
        2016           2 trit               1342.039       4930.634       3.673987    
        2016           3 corn               3617.468       21505.31       5.944853    
        2016           4 barl               1729.598       5118.437       2.959321    
        2016           5 mint               896.0155       349.3553      0.3898987    
        2016           6 sgbt               1127.482       13761.73       12.20572    
        2016           7 alfa               1826.453       6526.940       3.573561    
        2016           8 crrt              0.0000000E+00  0.0000000E+00  0.0000000E+00
        2016           9 canp               481.3560       1324.980       2.752598    
        2016          10 fesc               1406.227       4566.046       3.247020    
        2016          11 onio               26.70281       37.95015       1.421204    
        2016          12 lett              0.0000000E+00  0.0000000E+00  0.0000000E+00
        2016          13 orcd               47.93545       24.37643      0.5085263    
        2016          14 frst              0.0000000E+00  0.0000000E+00  0.0000000E+00
        2016          15 rnge               298.3840      0.0000000E+00  0.0000000E+00
        2016          16 frse              0.0000000E+00  0.0000000E+00  0.0000000E+00
        2016          17 wetl              0.0000000E+00  0.0000000E+00  0.0000000E+00
        2016          18 frsd              0.0000000E+00  0.0000000E+00  0.0000000E+00
        2017           1 wwht               2953.696       17002.23       5.756257    
        2017           2 trit               736.7189       4743.173       6.438240    
        2017           3 corn               3745.164       28393.09       7.581268    
        2017           4 barl               2651.272       14111.98       5.322722    
        2017           5 mint               530.7909       275.6060      0.5192365    
        2017           6 sgbt               1500.359       21167.36       14.10819    
        2017           7 alfa               1826.453       8142.433       4.458058    
        2017           8 crrt              0.0000000E+00  0.0000000E+00  0.0000000E+00
        2017           9 canp               681.1477       3203.580       4.703209    
        2017          10 fesc               1406.226       5483.292       3.899296    
        2017          11 onio               159.8801       255.3691       1.597254    
        2017          12 lett              0.0000000E+00  0.0000000E+00  0.0000000E+00
        2017          13 orcd               47.93545       25.70052      0.5361485    
        2017          14 frst              0.0000000E+00  0.0000000E+00  0.0000000E+00
        2017          15 rnge               298.3840      0.0000000E+00  0.0000000E+00
        2017          16 frse              0.0000000E+00  0.0000000E+00  0.0000000E+00
        2017          17 wetl              0.0000000E+00  0.0000000E+00  0.0000000E+00
        2017          18 frsd              0.0000000E+00  0.0000000E+00  0.0000000E+00
        2018           1 wwht               3969.155       10678.03       2.690252    
        2018           2 trit               1710.249       5838.837       3.414027    
        2018           3 corn               3762.586       22798.85       6.059356    
        2018           4 barl               959.9446       3694.497       3.848657    
        2018           5 mint               1136.312       504.5233      0.4440008    
        2018           6 sgbt               1107.442       11786.71       10.64319    
        2018           7 alfa               1826.452       7261.917       3.975968    
        2018           8 crrt              0.0000000E+00  0.0000000E+00  0.0000000E+00
        2018           9 canp               540.2122       2303.147       4.263412    
        2018          10 fesc               1406.227       5702.019       4.054836    
        2018          11 onio               75.89573       93.56679       1.232833    
        2018          12 lett              0.0000000E+00  0.0000000E+00  0.0000000E+00
        2018          13 orcd               47.93545       26.51082      0.5530526    
        2018          14 frst              0.0000000E+00  0.0000000E+00  0.0000000E+00
        2018          15 rnge               298.3840      0.0000000E+00  0.0000000E+00
        2018          16 frse              0.0000000E+00  0.0000000E+00  0.0000000E+00
        2018          17 wetl              0.0000000E+00  0.0000000E+00  0.0000000E+00
        2018          18 frsd              0.0000000E+00  0.0000000E+00  0.0000000E+00
        2019           1 wwht               4104.915       7398.969       1.802466    
        2019           2 trit               774.5881       1373.544       1.773258    
        2019           3 corn               3576.177       12245.25       3.424117    
        2019           4 barl               1713.715       3429.892       2.001436    
        2019           5 mint               1962.897       618.4190      0.3150543    
        2019           6 sgbt               896.2778       6565.604       7.325412    
        2019           7 alfa               1826.453       4893.707       2.679350    
        2019           8 crrt              0.0000000E+00  0.0000000E+00  0.0000000E+00
        2019           9 canp               515.7374       428.0284      0.8299347    
        2019          10 fesc               1406.228       3844.925       2.734212    
        2019          11 onio               128.0342       134.5913       1.051213    
        2019          12 lett               10.95720       17.26895       1.576036    
        2019          13 orcd               47.93545       24.94077      0.5202990    
        2019          14 frst              0.0000000E+00  0.0000000E+00  0.0000000E+00
        2019          15 rnge               298.3840      0.0000000E+00  0.0000000E+00
        2019          16 frse              0.0000000E+00  0.0000000E+00  0.0000000E+00
        2019          17 wetl              0.0000000E+00  0.0000000E+00  0.0000000E+00
        2019          18 frsd              0.0000000E+00  0.0000000E+00  0.0000000E+00
        2020           1 wwht               3758.716       21886.47       5.822859    
        2020           2 trit               740.2646       4189.496       5.659457    
        2020           3 corn               4074.065       29211.71       7.170161    
        2020           4 barl               1442.438       6715.696       4.655795    
        2020           5 mint               1300.038       621.7524      0.4782570    
        2020           6 sgbt               1185.391       15251.09       12.86587    
        2020           7 alfa               1826.453       7857.210       4.301897    
        2020           8 crrt              0.0000000E+00  0.0000000E+00  0.0000000E+00
        2020           9 canp               639.4313       540.0081      0.8445131    
        2020          10 fesc               1406.226       4795.747       3.410367    
        2020          11 onio               201.4249       291.3233       1.446312    
        2020          12 lett               7.549280       15.65120       2.073204    
        2020          13 orcd               47.93545       25.92878      0.5409104    
        2020          14 frst              0.0000000E+00  0.0000000E+00  0.0000000E+00
        2020          15 rnge               298.3840      0.0000000E+00  0.0000000E+00
        2020          16 frse              0.0000000E+00  0.0000000E+00  0.0000000E+00
        2020          17 wetl              0.0000000E+00  0.0000000E+00  0.0000000E+00
        2020          18 frsd              0.0000000E+00  0.0000000E+00  0.0000000E+00
        2021           1 wwht               3551.093       23004.76       6.478219    
        2021           2 trit               1019.293       6041.461       5.927112    
        2021           3 corn               3419.646       27962.03       8.176878    
        2021           4 barl               1142.790       7063.999       6.181364    
        2021           5 mint               1759.062       1206.627      0.6859491    
        2021           6 sgbt               1111.746       17290.29       15.55237    
        2021           7 alfa               1826.454       8170.726       4.473547    
        2021           8 crrt               215.7097       1572.752       7.291056    
        2021           9 canp               484.8961       511.5088       1.054883    
        2021          10 fesc               1406.227       5870.224       4.174450    
        2021          11 onio               487.1666       803.8513       1.650054    
        2021          12 lett               1527.031       3208.070       2.100855    
        2021          13 orcd               47.93545       26.83127      0.5597375    
        2021          14 frst              0.0000000E+00  0.0000000E+00  0.0000000E+00
        2021          15 rnge               298.3840      0.0000000E+00  0.0000000E+00
        2021          16 frse              0.0000000E+00  0.0000000E+00  0.0000000E+00
        2021          17 wetl              0.0000000E+00  0.0000000E+00  0.0000000E+00
        2021          18 frsd              0.0000000E+00  0.0000000E+00  0.0000000E+00
        2022           1 wwht               4004.913       25900.73       6.467239    
        2022           2 trit               698.8491       4713.660       6.744890    
        2022           3 corn               4548.393       33109.96       7.279485    
        2022           4 barl               1195.412       9188.048       7.686090    
        2022           5 mint               1061.496       1165.199       1.097695    
        2022           6 sgbt               1059.133       15823.38       14.93993    
        2022           7 alfa               1826.453       9799.642       5.365395    
        2022           8 crrt              0.0000000E+00  0.0000000E+00  0.0000000E+00
        2022           9 canp               566.0447       3474.422       6.138070    
        2022          10 fesc               1406.227       6029.912       4.288009    
        2022          11 onio               90.13852       183.8952       2.040140    
        2022          12 lett              0.0000000E+00  0.0000000E+00  0.0000000E+00
        2022          13 orcd               47.93544       28.74276      0.5996140    
        2022          14 frst              0.0000000E+00  0.0000000E+00  0.0000000E+00
        2022          15 rnge               298.3840      0.0000000E+00  0.0000000E+00
        2022          16 frse              0.0000000E+00  0.0000000E+00  0.0000000E+00
        2022          17 wetl              0.0000000E+00  0.0000000E+00  0.0000000E+00
        2022          18 frsd              0.0000000E+00  0.0000000E+00  0.0000000E+00
