 dotnuvele_100             SWAT+ Jan 11 2024        MODULAR Rev 2024.61.0                                 
       year     plant_no   plant_name       harv_area(ha)    yld(t)         yld(t/ha)      
        1994           1 swht               2819.063       19108.24       6.778224    
        1994           2 wwht               2037.759       11140.22       5.466898    
        1994           3 cana               740.5483      0.0000000E+00  0.0000000E+00
        1994           4 barl               635.3014       4184.733       6.587004    
        1994           5 grbn               721.5342       227.2100      0.3148984    
        1994           6 crrt               43.61732       274.2690       6.288074    
        1994           7 clvr              0.0000000E+00  0.0000000E+00  0.0000000E+00
        1994           8 bwht              0.0000000E+00  0.0000000E+00  0.0000000E+00
        1994           9 pota               73.73423       346.4702       4.698906    
        1994          10 wpas               2450.072      0.0000000E+00  0.0000000E+00
        1994          11 peas               847.2502       1119.276       1.321069    
        1994          12 wtrc               94.36498       480.8951       5.096118    
        1994          13 vtch               41.12051       198.0773       4.816997    
        1994          14 sgbt               162.5995       2215.746       13.62702    
        1994          15 alfa               92.26173       13.55020      0.1468670    
        1994          16 lmix               449.4991       2216.252       4.930492    
        1994          17 corn               191.8525       1843.317       9.607992    
        1994          18 oats               55.24193       278.0920       5.034074    
        1994          19 scan               16.15250       83.96351       5.198174    
        1994          20 strc               10.16747       37.66279       3.704243    
        1994          21 canp              0.0000000E+00  0.0000000E+00  0.0000000E+00
        1994          22 wbar               3.694400       10.70860       2.898603    
        1994          23 soyb               42.25176       60.73142       1.437370    
        1994          24 berm              0.0000000E+00  0.0000000E+00  0.0000000E+00
        1994          25 bros              0.0000000E+00  0.0000000E+00  0.0000000E+00
        1994          26 frsd              0.0000000E+00  0.0000000E+00  0.0000000E+00
        1994          27 frse              0.0000000E+00  0.0000000E+00  0.0000000E+00
        1994          28 frst              0.0000000E+00  0.0000000E+00  0.0000000E+00
        1994          29 oak               0.0000000E+00  0.0000000E+00  0.0000000E+00
        1994          30 orcd               23.02882       6.180236      0.2683696    
        1994          31 pine              0.0000000E+00  0.0000000E+00  0.0000000E+00
        1994          32 popl              0.0000000E+00  0.0000000E+00  0.0000000E+00
        1994          33 rngb              0.0000000E+00  0.0000000E+00  0.0000000E+00
        1994          34 rnge               1096.450      0.0000000E+00  0.0000000E+00
        1994          35 wetl              0.0000000E+00  0.0000000E+00  0.0000000E+00
        1994          36 will              0.0000000E+00  0.0000000E+00  0.0000000E+00
        1995           1 swht               466.2487       1711.425       3.670627    
        1995           2 wwht               3654.131       7584.124       2.075493    
        1995           3 cana               1163.089       1357.146       1.166847    
        1995           4 barl               531.3213       2034.189       3.828547    
        1995           5 grbn               340.5751       84.21285      0.2472666    
        1995           6 crrt               188.0254       586.8716       3.121235    
        1995           7 clvr              0.0000000E+00  0.0000000E+00  0.0000000E+00
        1995           8 bwht              0.0000000E+00  0.0000000E+00  0.0000000E+00
        1995           9 pota               273.8665       73.53381      0.2685024    
        1995          10 wpas               2450.073      0.0000000E+00  0.0000000E+00
        1995          11 peas               483.7367       487.5900       1.007966    
        1995          12 wtrc               130.9948       51.14496      0.3904350    
        1995          13 vtch               33.01360       70.80549       2.144737    
        1995          14 sgbt               323.8090       3602.454       11.12524    
        1995          15 alfa               68.26342       10.31976      0.1511755    
        1995          16 lmix               167.4141       369.2878       2.205835    
        1995          17 corn               285.7014       2570.698       8.997848    
        1995          18 oats               4.709160       10.53589       2.237318    
        1995          19 scan               259.7997       152.2842      0.5861600    
        1995          20 strc               25.98341       60.00953       2.309532    
        1995          21 canp               16.11928       2.880021      0.1786693    
        1995          22 wbar               103.0247       56.20077      0.5455080    
        1995          23 soyb               112.4442       81.01942      0.7205300    
        1995          24 berm              0.0000000E+00  0.0000000E+00  0.0000000E+00
        1995          25 bros              0.0000000E+00  0.0000000E+00  0.0000000E+00
        1995          26 frsd              0.0000000E+00  0.0000000E+00  0.0000000E+00
        1995          27 frse              0.0000000E+00  0.0000000E+00  0.0000000E+00
        1995          28 frst              0.0000000E+00  0.0000000E+00  0.0000000E+00
        1995          29 oak               0.0000000E+00  0.0000000E+00  0.0000000E+00
        1995          30 orcd               23.02882       6.668558      0.2895744    
        1995          31 pine              0.0000000E+00  0.0000000E+00  0.0000000E+00
        1995          32 popl              0.0000000E+00  0.0000000E+00  0.0000000E+00
        1995          33 rngb              0.0000000E+00  0.0000000E+00  0.0000000E+00
        1995          34 rnge               1096.450      0.0000000E+00  0.0000000E+00
        1995          35 wetl              0.0000000E+00  0.0000000E+00  0.0000000E+00
        1995          36 will              0.0000000E+00  0.0000000E+00  0.0000000E+00
        1996           1 swht               471.3442       1205.350       2.557261    
        1996           2 wwht               3959.769       6122.526       1.546183    
        1996           3 cana               1126.414       1885.899       1.674251    
        1996           4 barl               893.2083       2155.144       2.412812    
        1996           5 grbn               659.1244       142.6631      0.2164434    
        1996           6 crrt               78.50188       248.8156       3.169549    
        1996           7 clvr              0.0000000E+00  0.0000000E+00  0.0000000E+00
        1996           8 bwht              0.0000000E+00  0.0000000E+00  0.0000000E+00
        1996           9 pota               22.68552       92.82653       4.091884    
        1996          10 wpas               2450.073      0.0000000E+00  0.0000000E+00
        1996          11 peas               217.3170       162.4464      0.7475087    
        1996          12 wtrc               227.1321       104.4487      0.4598588    
        1996          13 vtch               43.43295       80.27820       1.848325    
        1996          14 sgbt               131.1692       479.4624       3.655296    
        1996          15 alfa               22.49121       3.025308      0.1345107    
        1996          16 lmix               429.2867       397.7424      0.9265193    
        1996          17 corn               139.4347       1060.897       7.608557    
        1996          18 oats               270.1260       826.3068       3.058968    
        1996          19 scan               1.080770       3.300272       3.053627    
        1996          20 strc               2.121100       4.345277       2.048595    
        1996          21 canp               32.98943       5.856972      0.1775409    
        1996          22 wbar               50.65842       57.85702       1.142101    
        1996          23 soyb               26.93241       3.844030      0.1427288    
        1996          24 berm              0.0000000E+00  0.0000000E+00  0.0000000E+00
        1996          25 bros              0.0000000E+00  0.0000000E+00  0.0000000E+00
        1996          26 frsd              0.0000000E+00  0.0000000E+00  0.0000000E+00
        1996          27 frse              0.0000000E+00  0.0000000E+00  0.0000000E+00
        1996          28 frst              0.0000000E+00  0.0000000E+00  0.0000000E+00
        1996          29 oak               0.0000000E+00  0.0000000E+00  0.0000000E+00
        1996          30 orcd               23.02882       6.820378      0.2961670    
        1996          31 pine              0.0000000E+00  0.0000000E+00  0.0000000E+00
        1996          32 popl              0.0000000E+00  0.0000000E+00  0.0000000E+00
        1996          33 rngb              0.0000000E+00  0.0000000E+00  0.0000000E+00
        1996          34 rnge               1096.450      0.0000000E+00  0.0000000E+00
        1996          35 wetl              0.0000000E+00  0.0000000E+00  0.0000000E+00
        1996          36 will              0.0000000E+00  0.0000000E+00  0.0000000E+00
        1997           1 swht               435.5490       1156.104       2.654359    
        1997           2 wwht               3353.835       6979.895       2.081168    
        1997           3 cana               1456.881       1639.843       1.125585    
        1997           4 barl               846.2458       1832.093       2.164966    
        1997           5 grbn               1074.855       121.1246      0.1126893    
        1997           6 crrt               53.52644       91.47662       1.708999    
        1997           7 clvr              0.0000000E+00  0.0000000E+00  0.0000000E+00
        1997           8 bwht               8.486290       5.365614      0.6322685    
        1997           9 pota               66.15276       92.75590       1.402147    
        1997          10 wpas               2450.072      0.0000000E+00  0.0000000E+00
        1997          11 peas               308.5477       159.2027      0.5159743    
        1997          12 wtrc               32.25501       36.30194       1.125467    
        1997          13 vtch               76.38766       17.75609      0.2324471    
        1997          14 sgbt               340.9370       1499.679       4.398699    
        1997          15 alfa               102.9628       14.62154      0.1420080    
        1997          16 lmix               79.17157       139.4372       1.761202    
        1997          17 corn               100.0946       624.4598       6.238698    
        1997          18 oats               141.6450       375.7944       2.653073    
        1997          19 scan               25.94715       31.14307       1.200250    
        1997          20 strc               17.47501       32.97787       1.887144    
        1997          21 canp              0.1159700      1.5622085E-02  0.1347068    
        1997          22 wbar               211.4962       24.22991      0.1145643    
        1997          23 soyb               58.88134       48.26369      0.8196772    
        1997          24 berm              0.0000000E+00  0.0000000E+00  0.0000000E+00
        1997          25 bros              0.0000000E+00  0.0000000E+00  0.0000000E+00
        1997          26 frsd              0.0000000E+00  0.0000000E+00  0.0000000E+00
        1997          27 frse              0.0000000E+00  0.0000000E+00  0.0000000E+00
        1997          28 frst              0.0000000E+00  0.0000000E+00  0.0000000E+00
        1997          29 oak               0.0000000E+00  0.0000000E+00  0.0000000E+00
        1997          30 orcd               23.02882       6.846904      0.2973189    
        1997          31 pine              0.0000000E+00  0.0000000E+00  0.0000000E+00
        1997          32 popl              0.0000000E+00  0.0000000E+00  0.0000000E+00
        1997          33 rngb              0.0000000E+00  0.0000000E+00  0.0000000E+00
        1997          34 rnge               1096.450      0.0000000E+00  0.0000000E+00
        1997          35 wetl              0.0000000E+00  0.0000000E+00  0.0000000E+00
        1997          36 will              0.0000000E+00  0.0000000E+00  0.0000000E+00
        1998           1 swht               441.1953       620.5563       1.406534    
        1998           2 wwht               3019.266       4519.526       1.496896    
        1998           3 cana               1616.254       1788.597       1.106631    
        1998           4 barl               659.9030       1530.443       2.319194    
        1998           5 grbn               638.0193       85.55286      0.1340913    
        1998           6 crrt               61.59893       165.1122       2.680440    
        1998           7 clvr              0.0000000E+00  0.0000000E+00  0.0000000E+00
        1998           8 bwht              0.1143600      4.1073594E-02  0.3591574    
        1998           9 pota               159.5648       258.9296       1.622723    
        1998          10 wpas               2450.073      0.0000000E+00  0.0000000E+00
        1998          11 peas               518.3302       409.8483      0.7907088    
        1998          12 wtrc               96.48426       19.99346      0.2072199    
        1998          13 vtch               8.807200       13.46939       1.529361    
        1998          14 sgbt               412.5646       2768.836       6.711279    
        1998          15 alfa               245.7808       22.85482      9.2988633E-02
        1998          16 lmix               266.9822       167.2765      0.6265455    
        1998          17 corn               275.7681       710.4870       2.576393    
        1998          18 oats               41.07849       105.4348       2.566666    
        1998          19 scan               11.87321       32.52165       2.739078    
        1998          20 strc              0.0000000E+00  0.0000000E+00  0.0000000E+00
        1998          21 canp              0.3723400      8.7137394E-02  0.2340258    
        1998          22 wbar               11.85803       17.05476       1.438246    
        1998          23 soyb               67.09540       38.01957      0.5666495    
        1998          24 berm              0.0000000E+00  0.0000000E+00  0.0000000E+00
        1998          25 bros              0.0000000E+00  0.0000000E+00  0.0000000E+00
        1998          26 frsd              0.0000000E+00  0.0000000E+00  0.0000000E+00
        1998          27 frse              0.0000000E+00  0.0000000E+00  0.0000000E+00
        1998          28 frst              0.0000000E+00  0.0000000E+00  0.0000000E+00
        1998          29 oak               0.0000000E+00  0.0000000E+00  0.0000000E+00
        1998          30 orcd               23.02882       6.119435      0.2657294    
        1998          31 pine              0.0000000E+00  0.0000000E+00  0.0000000E+00
        1998          32 popl              0.0000000E+00  0.0000000E+00  0.0000000E+00
        1998          33 rngb              0.0000000E+00  0.0000000E+00  0.0000000E+00
        1998          34 rnge               1096.450      0.0000000E+00  0.0000000E+00
        1998          35 wetl              0.0000000E+00  0.0000000E+00  0.0000000E+00
        1998          36 will              0.0000000E+00  0.0000000E+00  0.0000000E+00
        1999           1 swht               1754.111       6958.514       3.966974    
        1999           2 wwht               3184.128       9032.873       2.836844    
        1999           3 cana               710.2155       1882.331       2.650366    
        1999           4 barl               528.2162       2156.137       4.081922    
        1999           5 grbn               431.7687       46.16654      0.1069242    
        1999           6 crrt               193.6878       888.3307       4.586406    
        1999           7 clvr              0.0000000E+00  0.0000000E+00  0.0000000E+00
        1999           8 bwht              0.9579500       1.932616       2.017447    
        1999           9 pota               45.28294       188.5008       4.162734    
        1999          10 wpas               2450.074      0.0000000E+00  0.0000000E+00
        1999          11 peas               227.0534       95.57703      0.4209452    
        1999          12 wtrc               175.0889       194.3680       1.110111    
        1999          13 vtch               127.7161       428.3820       3.354174    
        1999          14 sgbt               184.4923       1885.238       10.21852    
        1999          15 alfa               105.9886       22.16750      0.2091499    
        1999          16 lmix               2.650620       5.804900       2.190015    
        1999          17 corn               224.0965       1486.384       6.632783    
        1999          18 oats               31.29813       106.7633       3.411171    
        1999          19 scan               91.80259       283.6052       3.089294    
        1999          20 strc               11.47404       21.29580       1.855999    
        1999          21 canp               38.32722       13.86971      0.3618762    
        1999          22 wbar              0.0000000E+00  0.0000000E+00  0.0000000E+00
        1999          23 soyb              0.0000000E+00  0.0000000E+00  0.0000000E+00
        1999          24 berm              0.0000000E+00  0.0000000E+00  0.0000000E+00
        1999          25 bros              0.0000000E+00  0.0000000E+00  0.0000000E+00
        1999          26 frsd              0.0000000E+00  0.0000000E+00  0.0000000E+00
        1999          27 frse              0.0000000E+00  0.0000000E+00  0.0000000E+00
        1999          28 frst              0.0000000E+00  0.0000000E+00  0.0000000E+00
        1999          29 oak               0.0000000E+00  0.0000000E+00  0.0000000E+00
        1999          30 orcd               23.02882       6.995584      0.3037752    
        1999          31 pine              0.0000000E+00  0.0000000E+00  0.0000000E+00
        1999          32 popl              0.0000000E+00  0.0000000E+00  0.0000000E+00
        1999          33 rngb              0.0000000E+00  0.0000000E+00  0.0000000E+00
        1999          34 rnge               1096.450      0.0000000E+00  0.0000000E+00
        1999          35 wetl              0.0000000E+00  0.0000000E+00  0.0000000E+00
        1999          36 will              0.0000000E+00  0.0000000E+00  0.0000000E+00
        2000           1 swht               962.4131       3564.132       3.703328    
        2000           2 wwht               3303.026       8064.498       2.441548    
        2000           3 cana               755.6180       1606.593       2.126197    
        2000           4 barl               1024.482       3720.872       3.631956    
        2000           5 grbn               503.3816       116.1325      0.2307047    
        2000           6 crrt               196.8225       562.9186       2.860032    
        2000           7 clvr              0.0000000E+00  0.0000000E+00  0.0000000E+00
        2000           8 bwht              0.0000000E+00  0.0000000E+00  0.0000000E+00
        2000           9 pota               13.42826       69.66266       5.187765    
        2000          10 wpas               2450.073      0.0000000E+00  0.0000000E+00
        2000          11 peas               608.6411       885.2412       1.454455    
        2000          12 wtrc               123.5612       157.3170       1.273192    
        2000          13 vtch               41.88417       40.71898      0.9721806    
        2000          14 sgbt               149.1100       712.7179       4.779812    
        2000          15 alfa               268.4304       12.46935      4.6452831E-02
        2000          16 lmix               82.34767       104.5128       1.269165    
        2000          17 corn               206.7333       1318.340       6.377009    
        2000          18 oats               46.95929       164.2972       3.498716    
        2000          19 scan               18.56076       55.79138       3.005878    
        2000          20 strc               2.634960       6.042357       2.293149    
        2000          21 canp              0.0000000E+00  0.0000000E+00  0.0000000E+00
        2000          22 wbar              0.0000000E+00  0.0000000E+00  0.0000000E+00
        2000          23 soyb              0.0000000E+00  0.0000000E+00  0.0000000E+00
        2000          24 berm              0.0000000E+00  0.0000000E+00  0.0000000E+00
        2000          25 bros              0.0000000E+00  0.0000000E+00  0.0000000E+00
        2000          26 frsd              0.0000000E+00  0.0000000E+00  0.0000000E+00
        2000          27 frse              0.0000000E+00  0.0000000E+00  0.0000000E+00
        2000          28 frst              0.0000000E+00  0.0000000E+00  0.0000000E+00
        2000          29 oak               0.0000000E+00  0.0000000E+00  0.0000000E+00
        2000          30 orcd               23.02882       7.224738      0.3137259    
        2000          31 pine              0.0000000E+00  0.0000000E+00  0.0000000E+00
        2000          32 popl              0.0000000E+00  0.0000000E+00  0.0000000E+00
        2000          33 rngb              0.0000000E+00  0.0000000E+00  0.0000000E+00
        2000          34 rnge               1096.450      0.0000000E+00  0.0000000E+00
        2000          35 wetl              0.0000000E+00  0.0000000E+00  0.0000000E+00
        2000          36 will              0.0000000E+00  0.0000000E+00  0.0000000E+00
        2001           1 swht               873.0978       2069.917       2.370774    
        2001           2 wwht               3654.150       6660.060       1.822602    
        2001           3 cana               1002.353       1671.590       1.667666    
        2001           4 barl               728.6901       1806.983       2.479769    
        2001           5 grbn               435.8709       69.14108      0.1586274    
        2001           6 crrt               211.0492       661.5674       3.134659    
        2001           7 clvr              0.0000000E+00  0.0000000E+00  0.0000000E+00
        2001           8 bwht              0.0000000E+00  0.0000000E+00  0.0000000E+00
        2001           9 pota               19.61565       68.24282       3.478999    
        2001          10 wpas               2450.073      0.0000000E+00  0.0000000E+00
        2001          11 peas               572.6021       356.0850      0.6218717    
        2001          12 wtrc               155.5674       196.4688       1.262918    
        2001          13 vtch               138.7633       35.95675      0.2591228    
        2001          14 sgbt               163.1989       719.9178       4.411290    
        2001          15 alfa               98.26357       12.75185      0.1297719    
        2001          16 lmix               162.5689       367.3947       2.259933    
        2001          17 corn               22.71077       149.5932       6.586883    
        2001          18 oats               2.648090      0.5326213      0.2011341    
        2001          19 scan               2.249850      0.2562089      0.1138782    
        2001          20 strc               20.92509       47.25314       2.258205    
        2001          21 canp              0.0000000E+00  0.0000000E+00  0.0000000E+00
        2001          22 wbar               2.027780       2.733468       1.348010    
        2001          23 soyb               168.9350       51.10884      0.3025356    
        2001          24 berm              0.0000000E+00  0.0000000E+00  0.0000000E+00
        2001          25 bros              0.0000000E+00  0.0000000E+00  0.0000000E+00
        2001          26 frsd              0.0000000E+00  0.0000000E+00  0.0000000E+00
        2001          27 frse              0.0000000E+00  0.0000000E+00  0.0000000E+00
        2001          28 frst              0.0000000E+00  0.0000000E+00  0.0000000E+00
        2001          29 oak               0.0000000E+00  0.0000000E+00  0.0000000E+00
        2001          30 orcd               23.02882       6.465873      0.2807731    
        2001          31 pine              0.0000000E+00  0.0000000E+00  0.0000000E+00
        2001          32 popl              0.0000000E+00  0.0000000E+00  0.0000000E+00
        2001          33 rngb              0.0000000E+00  0.0000000E+00  0.0000000E+00
        2001          34 rnge               1096.450      0.0000000E+00  0.0000000E+00
        2001          35 wetl              0.0000000E+00  0.0000000E+00  0.0000000E+00
        2001          36 will              0.0000000E+00  0.0000000E+00  0.0000000E+00
        2002           1 swht               2819.063       9883.696       3.506022    
        2002           2 wwht               2037.759       6859.090       3.365997    
        2002           3 cana               740.5483       2029.309       2.740279    
        2002           4 barl               635.3013       3117.745       4.907507    
        2002           5 grbn               721.5343       191.6907      0.2656709    
        2002           6 crrt               43.61732       249.3628       5.717058    
        2002           7 clvr              0.0000000E+00  0.0000000E+00  0.0000000E+00
        2002           8 bwht              0.0000000E+00  0.0000000E+00  0.0000000E+00
        2002           9 pota               73.73423       447.5764       6.070130    
        2002          10 wpas               2450.073      0.0000000E+00  0.0000000E+00
        2002          11 peas               847.2503       839.1460      0.9904346    
        2002          12 wtrc               94.36498       76.87592      0.8146658    
        2002          13 vtch               41.12051       95.39011       2.319769    
        2002          14 sgbt               162.5995       1804.644       11.09870    
        2002          15 alfa               92.26173       26.08995      0.2827820    
        2002          16 lmix               449.4991       1005.187       2.236239    
        2002          17 corn               191.8525       1844.737       9.615396    
        2002          18 oats               55.24194       195.0183       3.530259    
        2002          19 scan               16.15250       33.02991       2.044879    
        2002          20 strc               10.16747       25.27130       2.485505    
        2002          21 canp              0.0000000E+00  0.0000000E+00  0.0000000E+00
        2002          22 wbar               3.694400       5.132047       1.389142    
        2002          23 soyb               42.25176       55.98365       1.325002    
        2002          24 berm              0.0000000E+00  0.0000000E+00  0.0000000E+00
        2002          25 bros              0.0000000E+00  0.0000000E+00  0.0000000E+00
        2002          26 frsd              0.0000000E+00  0.0000000E+00  0.0000000E+00
        2002          27 frse              0.0000000E+00  0.0000000E+00  0.0000000E+00
        2002          28 frst              0.0000000E+00  0.0000000E+00  0.0000000E+00
        2002          29 oak               0.0000000E+00  0.0000000E+00  0.0000000E+00
        2002          30 orcd               23.02882       7.615941      0.3307134    
        2002          31 pine              0.0000000E+00  0.0000000E+00  0.0000000E+00
        2002          32 popl              0.0000000E+00  0.0000000E+00  0.0000000E+00
        2002          33 rngb              0.0000000E+00  0.0000000E+00  0.0000000E+00
        2002          34 rnge               1096.450      0.0000000E+00  0.0000000E+00
        2002          35 wetl              0.0000000E+00  0.0000000E+00  0.0000000E+00
        2002          36 will              0.0000000E+00  0.0000000E+00  0.0000000E+00
        2003           1 swht               466.2488       1922.798       4.123974    
        2003           2 wwht               3622.934       10284.92       2.838838    
        2003           3 cana               1163.089       3150.726       2.708930    
        2003           4 barl               531.3212       2573.030       4.842701    
        2003           5 grbn               340.5751       104.8751      0.3079352    
        2003           6 crrt               188.0254       687.7720       3.657867    
        2003           7 clvr              0.0000000E+00  0.0000000E+00  0.0000000E+00
        2003           8 bwht              0.0000000E+00  0.0000000E+00  0.0000000E+00
        2003           9 pota               273.8665       147.6691      0.5392009    
        2003          10 wpas               2450.072      0.0000000E+00  0.0000000E+00
        2003          11 peas               483.7367       526.4975       1.088397    
        2003          12 wtrc               130.9948       173.1127       1.321523    
        2003          13 vtch               33.01360       79.51802       2.408644    
        2003          14 sgbt               323.8090       3563.267       11.00423    
        2003          15 alfa               68.26342       18.91022      0.2770183    
        2003          16 lmix               167.4141       382.1652       2.282754    
        2003          17 corn               285.7014       2757.281       9.650920    
        2003          18 oats               4.709160       15.44310       3.279375    
        2003          19 scan               259.7997       452.1611       1.740422    
        2003          20 strc               25.98341       72.94762       2.807469    
        2003          21 canp               16.11928       4.123921      0.2558378    
        2003          22 wbar               103.0246       106.5342       1.034065    
        2003          23 soyb               112.4442       134.4922       1.196079    
        2003          24 berm              0.0000000E+00  0.0000000E+00  0.0000000E+00
        2003          25 bros              0.0000000E+00  0.0000000E+00  0.0000000E+00
        2003          26 frsd              0.0000000E+00  0.0000000E+00  0.0000000E+00
        2003          27 frse              0.0000000E+00  0.0000000E+00  0.0000000E+00
        2003          28 frst              0.0000000E+00  0.0000000E+00  0.0000000E+00
        2003          29 oak               0.0000000E+00  0.0000000E+00  0.0000000E+00
        2003          30 orcd               23.02882       8.544069      0.3710164    
        2003          31 pine              0.0000000E+00  0.0000000E+00  0.0000000E+00
        2003          32 popl              0.0000000E+00  0.0000000E+00  0.0000000E+00
        2003          33 rngb              0.0000000E+00  0.0000000E+00  0.0000000E+00
        2003          34 rnge               1096.450      0.0000000E+00  0.0000000E+00
        2003          35 wetl              0.0000000E+00  0.0000000E+00  0.0000000E+00
        2003          36 will              0.0000000E+00  0.0000000E+00  0.0000000E+00
        2004           1 swht               471.3441       1366.407       2.898958    
        2004           2 wwht               3959.770       7888.311       1.992114    
        2004           3 cana               1126.414       1417.208       1.258159    
        2004           4 barl               924.4053       2370.394       2.564237    
        2004           5 grbn               659.1245       102.4294      0.1554021    
        2004           6 crrt               78.50190       280.7790       3.576716    
        2004           7 clvr              0.0000000E+00  0.0000000E+00  0.0000000E+00
        2004           8 bwht              0.0000000E+00  0.0000000E+00  0.0000000E+00
        2004           9 pota               22.68552       36.11483       1.591977    
        2004          10 wpas               2450.073      0.0000000E+00  0.0000000E+00
        2004          11 peas               217.3170       154.7335      0.7120174    
        2004          12 wtrc               227.1321       160.4811      0.7065542    
        2004          13 vtch               43.43294       91.64439       2.110021    
        2004          14 sgbt               131.1692       707.6124       5.394652    
        2004          15 alfa               22.49121       4.907242      0.2181848    
        2004          16 lmix               429.2867       409.7418      0.9544712    
        2004          17 corn               139.4347       946.5753       6.788661    
        2004          18 oats               270.1260       824.4096       3.051944    
        2004          19 scan               1.080770       3.303019       3.056169    
        2004          20 strc               2.121100       5.221485       2.461686    
        2004          21 canp               32.98943       2.490150      7.5483270E-02
        2004          22 wbar               50.65842       71.11866       1.403886    
        2004          23 soyb               26.93241       6.655739      0.2471275    
        2004          24 berm              0.0000000E+00  0.0000000E+00  0.0000000E+00
        2004          25 bros              0.0000000E+00  0.0000000E+00  0.0000000E+00
        2004          26 frsd              0.0000000E+00  0.0000000E+00  0.0000000E+00
        2004          27 frse              0.0000000E+00  0.0000000E+00  0.0000000E+00
        2004          28 frst              0.0000000E+00  0.0000000E+00  0.0000000E+00
        2004          29 oak               0.0000000E+00  0.0000000E+00  0.0000000E+00
        2004          30 orcd               23.02882       8.576652      0.3724312    
        2004          31 pine              0.0000000E+00  0.0000000E+00  0.0000000E+00
        2004          32 popl              0.0000000E+00  0.0000000E+00  0.0000000E+00
        2004          33 rngb              0.0000000E+00  0.0000000E+00  0.0000000E+00
        2004          34 rnge               1096.450      0.0000000E+00  0.0000000E+00
        2004          35 wetl              0.0000000E+00  0.0000000E+00  0.0000000E+00
        2004          36 will              0.0000000E+00  0.0000000E+00  0.0000000E+00
        2005           1 swht               435.5491       1619.933       3.719288    
        2005           2 wwht               3353.835       8150.680       2.430257    
        2005           3 cana               1456.882       3133.416       2.150769    
        2005           4 barl               815.0490       2785.351       3.417403    
        2005           5 grbn               1074.855       275.1887      0.2560241    
        2005           6 crrt               53.52644       216.3710       4.042320    
        2005           7 clvr              0.0000000E+00  0.0000000E+00  0.0000000E+00
        2005           8 bwht               8.486290       9.474296       1.116424    
        2005           9 pota               66.15276       252.8423       3.822098    
        2005          10 wpas               2450.074      0.0000000E+00  0.0000000E+00
        2005          11 peas               339.7447       337.3430      0.9929309    
        2005          12 wtrc               32.25501       34.95386       1.083672    
        2005          13 vtch               76.38766       72.16426      0.9447110    
        2005          14 sgbt               340.9370       2747.282       8.058034    
        2005          15 alfa               102.9628       25.94304      0.2519653    
        2005          16 lmix               79.17157       170.4433       2.152835    
        2005          17 corn               100.0946       813.4386       8.126700    
        2005          18 oats               141.6450       406.7344       2.871505    
        2005          19 scan               25.94715       51.23622       1.974638    
        2005          20 strc               17.47501       27.14597       1.553416    
        2005          21 canp              0.1159700      2.9808333E-02  0.2570327    
        2005          22 wbar               211.4962       39.91674      0.1887350    
        2005          23 soyb               58.88134       93.89173       1.594592    
        2005          24 berm              0.0000000E+00  0.0000000E+00  0.0000000E+00
        2005          25 bros              0.0000000E+00  0.0000000E+00  0.0000000E+00
        2005          26 frsd              0.0000000E+00  0.0000000E+00  0.0000000E+00
        2005          27 frse              0.0000000E+00  0.0000000E+00  0.0000000E+00
        2005          28 frst              0.0000000E+00  0.0000000E+00  0.0000000E+00
        2005          29 oak               0.0000000E+00  0.0000000E+00  0.0000000E+00
        2005          30 orcd               23.02882       8.910954      0.3869479    
        2005          31 pine              0.0000000E+00  0.0000000E+00  0.0000000E+00
        2005          32 popl              0.0000000E+00  0.0000000E+00  0.0000000E+00
        2005          33 rngb              0.0000000E+00  0.0000000E+00  0.0000000E+00
        2005          34 rnge               1096.450      0.0000000E+00  0.0000000E+00
        2005          35 wetl              0.0000000E+00  0.0000000E+00  0.0000000E+00
        2005          36 will              0.0000000E+00  0.0000000E+00  0.0000000E+00
        2006           1 swht               441.1953       1898.072       4.302113    
        2006           2 wwht               3019.264       7575.601       2.509089    
        2006           3 cana               1616.254       4468.414       2.764674    
        2006           4 barl               691.1000       3501.121       5.066012    
        2006           5 grbn               638.0193       143.2545      0.2245301    
        2006           6 crrt               61.59893       373.3664       6.061248    
        2006           7 clvr              0.0000000E+00  0.0000000E+00  0.0000000E+00
        2006           8 bwht              0.1143600      0.1750503       1.530682    
        2006           9 pota               159.5648       880.1424       5.515893    
        2006          10 wpas               2450.073      0.0000000E+00  0.0000000E+00
        2006          11 peas               487.1332       489.4839       1.004825    
        2006          12 wtrc               96.48426       115.3234       1.195256    
        2006          13 vtch               8.807199       26.07030       2.960113    
        2006          14 sgbt               412.5645       4547.685       11.02297    
        2006          15 alfa               245.7808       67.91427      0.2763205    
        2006          16 lmix               266.9822       688.8701       2.580210    
        2006          17 corn               275.7680       2456.626       8.908308    
        2006          18 oats               41.07849       152.1154       3.703042    
        2006          19 scan               11.87321       41.34198       3.481954    
        2006          20 strc              0.0000000E+00  0.0000000E+00  0.0000000E+00
        2006          21 canp              0.3723400      7.2505809E-02  0.1947296    
        2006          22 wbar               11.85803       19.94955       1.682367    
        2006          23 soyb               67.09540       130.8222       1.949794    
        2006          24 berm              0.0000000E+00  0.0000000E+00  0.0000000E+00
        2006          25 bros              0.0000000E+00  0.0000000E+00  0.0000000E+00
        2006          26 frsd              0.0000000E+00  0.0000000E+00  0.0000000E+00
        2006          27 frse              0.0000000E+00  0.0000000E+00  0.0000000E+00
        2006          28 frst              0.0000000E+00  0.0000000E+00  0.0000000E+00
        2006          29 oak               0.0000000E+00  0.0000000E+00  0.0000000E+00
        2006          30 orcd               23.02882       9.359361      0.4064194    
        2006          31 pine              0.0000000E+00  0.0000000E+00  0.0000000E+00
        2006          32 popl              0.0000000E+00  0.0000000E+00  0.0000000E+00
        2006          33 rngb              0.0000000E+00  0.0000000E+00  0.0000000E+00
        2006          34 rnge               1096.450      0.0000000E+00  0.0000000E+00
        2006          35 wetl              0.0000000E+00  0.0000000E+00  0.0000000E+00
        2006          36 will              0.0000000E+00  0.0000000E+00  0.0000000E+00
        2007           1 swht               1754.111       4970.141       2.833425    
        2007           2 wwht               3184.126       7251.246       2.277311    
        2007           3 cana               710.2157       1199.198       1.688499    
        2007           4 barl               497.0193       1351.479       2.719169    
        2007           5 grbn               431.7687       54.81894      0.1269637    
        2007           6 crrt               193.6877       523.2145       2.701330    
        2007           7 clvr              0.0000000E+00  0.0000000E+00  0.0000000E+00
        2007           8 bwht              0.9579500      3.4081433E-02  3.5577428E-02
        2007           9 pota               45.28294       188.1333       4.154618    
        2007          10 wpas               2450.072      0.0000000E+00  0.0000000E+00
        2007          11 peas               258.2504       142.7523      0.5527671    
        2007          12 wtrc               175.0888       214.4950       1.225064    
        2007          13 vtch               127.7161       365.9973       2.865710    
        2007          14 sgbt               184.4923       1742.906       9.447042    
        2007          15 alfa               105.9886       20.22609      0.1908327    
        2007          16 lmix               2.650620       4.679639       1.765488    
        2007          17 corn               224.0965       990.0229       4.417842    
        2007          18 oats               31.29813       82.34998       2.631147    
        2007          19 scan               91.80258       244.0061       2.657944    
        2007          20 strc               11.47404       6.873651      0.5990611    
        2007          21 canp               38.32722       7.513640      0.1960393    
        2007          22 wbar              0.0000000E+00  0.0000000E+00  0.0000000E+00
        2007          23 soyb              0.0000000E+00  0.0000000E+00  0.0000000E+00
        2007          24 berm              0.0000000E+00  0.0000000E+00  0.0000000E+00
        2007          25 bros              0.0000000E+00  0.0000000E+00  0.0000000E+00
        2007          26 frsd              0.0000000E+00  0.0000000E+00  0.0000000E+00
        2007          27 frse              0.0000000E+00  0.0000000E+00  0.0000000E+00
        2007          28 frst              0.0000000E+00  0.0000000E+00  0.0000000E+00
        2007          29 oak               0.0000000E+00  0.0000000E+00  0.0000000E+00
        2007          30 orcd               23.02882       8.559200      0.3716734    
        2007          31 pine              0.0000000E+00  0.0000000E+00  0.0000000E+00
        2007          32 popl              0.0000000E+00  0.0000000E+00  0.0000000E+00
        2007          33 rngb              0.0000000E+00  0.0000000E+00  0.0000000E+00
        2007          34 rnge               1096.450      0.0000000E+00  0.0000000E+00
        2007          35 wetl              0.0000000E+00  0.0000000E+00  0.0000000E+00
        2007          36 will              0.0000000E+00  0.0000000E+00  0.0000000E+00
        2008           1 swht               962.4132       4059.283       4.217817    
        2008           2 wwht               3334.224       9639.064       2.890947    
        2008           3 cana               755.6180       1462.860       1.935978    
        2008           4 barl               1024.481       4715.298       4.602620    
        2008           5 grbn               503.3816       152.4471      0.3028460    
        2008           6 crrt               196.8225       1088.043       5.528043    
        2008           7 clvr              0.0000000E+00  0.0000000E+00  0.0000000E+00
        2008           8 bwht              0.0000000E+00  0.0000000E+00  0.0000000E+00
        2008           9 pota               13.42826       81.05335       6.036027    
        2008          10 wpas               2450.073      0.0000000E+00  0.0000000E+00
        2008          11 peas               577.4438       960.2227       1.662885    
        2008          12 wtrc               123.5612       129.3662       1.046981    
        2008          13 vtch               41.88417       102.2063       2.440214    
        2008          14 sgbt               149.1100       1117.235       7.492687    
        2008          15 alfa               268.4304       51.14503      0.1905337    
        2008          16 lmix               82.34767       185.8490       2.256882    
        2008          17 corn               206.7333       1925.081       9.311904    
        2008          18 oats               46.95929       145.4796       3.097994    
        2008          19 scan               18.56076       56.91656       3.066499    
        2008          20 strc               2.634960       6.382455       2.422220    
        2008          21 canp              0.0000000E+00  0.0000000E+00  0.0000000E+00
        2008          22 wbar              0.0000000E+00  0.0000000E+00  0.0000000E+00
        2008          23 soyb              0.0000000E+00  0.0000000E+00  0.0000000E+00
        2008          24 berm              0.0000000E+00  0.0000000E+00  0.0000000E+00
        2008          25 bros              0.0000000E+00  0.0000000E+00  0.0000000E+00
        2008          26 frsd              0.0000000E+00  0.0000000E+00  0.0000000E+00
        2008          27 frse              0.0000000E+00  0.0000000E+00  0.0000000E+00
        2008          28 frst              0.0000000E+00  0.0000000E+00  0.0000000E+00
        2008          29 oak               0.0000000E+00  0.0000000E+00  0.0000000E+00
        2008          30 orcd               23.02882       9.478607      0.4115976    
        2008          31 pine              0.0000000E+00  0.0000000E+00  0.0000000E+00
        2008          32 popl              0.0000000E+00  0.0000000E+00  0.0000000E+00
        2008          33 rngb              0.0000000E+00  0.0000000E+00  0.0000000E+00
        2008          34 rnge               1096.450      0.0000000E+00  0.0000000E+00
        2008          35 wetl              0.0000000E+00  0.0000000E+00  0.0000000E+00
        2008          36 will              0.0000000E+00  0.0000000E+00  0.0000000E+00
        2009           1 swht               873.0976       2624.461       3.005919    
        2009           2 wwht               3654.150       7737.386       2.117424    
        2009           3 cana               1002.353       1993.903       1.989223    
        2009           4 barl               728.6903       2054.725       2.819751    
        2009           5 grbn               435.8710       136.6485      0.3135068    
        2009           6 crrt               211.0492       831.2330       3.938575    
        2009           7 clvr              0.0000000E+00  0.0000000E+00  0.0000000E+00
        2009           8 bwht              0.0000000E+00  0.0000000E+00  0.0000000E+00
        2009           9 pota               19.61565       79.72529       4.064371    
        2009          10 wpas               2450.073      0.0000000E+00  0.0000000E+00
        2009          11 peas               572.6021       549.0073      0.9587939    
        2009          12 wtrc               155.5674       172.3986       1.108193    
        2009          13 vtch               138.7633       51.67897      0.3724253    
        2009          14 sgbt               163.1990       985.6376       6.039485    
        2009          15 alfa               98.26357       24.08764      0.2451330    
        2009          16 lmix               162.5688       426.8754       2.625813    
        2009          17 corn               22.71077       196.8065       8.665776    
        2009          18 oats               2.648090       1.315494      0.4967707    
        2009          19 scan               2.249850       2.123515      0.9438469    
        2009          20 strc               20.92509       48.12840       2.300033    
        2009          21 canp              0.0000000E+00  0.0000000E+00  0.0000000E+00
        2009          22 wbar               2.027780       2.596736       1.280580    
        2009          23 soyb               168.9350       70.83935      0.4193291    
        2009          24 berm              0.0000000E+00  0.0000000E+00  0.0000000E+00
        2009          25 bros              0.0000000E+00  0.0000000E+00  0.0000000E+00
        2009          26 frsd              0.0000000E+00  0.0000000E+00  0.0000000E+00
        2009          27 frse              0.0000000E+00  0.0000000E+00  0.0000000E+00
        2009          28 frst              0.0000000E+00  0.0000000E+00  0.0000000E+00
        2009          29 oak               0.0000000E+00  0.0000000E+00  0.0000000E+00
        2009          30 orcd               23.02882       9.008141      0.3911681    
        2009          31 pine              0.0000000E+00  0.0000000E+00  0.0000000E+00
        2009          32 popl              0.0000000E+00  0.0000000E+00  0.0000000E+00
        2009          33 rngb              0.0000000E+00  0.0000000E+00  0.0000000E+00
        2009          34 rnge               1096.450      0.0000000E+00  0.0000000E+00
        2009          35 wetl              0.0000000E+00  0.0000000E+00  0.0000000E+00
        2009          36 will              0.0000000E+00  0.0000000E+00  0.0000000E+00
