 230207_schoeps            SWAT+ Jan 11 2024        MODULAR Rev 2024.61.0                                 
       year     plant_no   plant_name       harv_area(ha)    yld(t)         yld(t/ha)      
        2006           1 wbar               1022.184       6150.639       6.017153    
        2006           2 csil               911.4755       7433.284       8.155221    
        2006           3 wwht               1956.815       8361.462       4.272996    
        2006           4 wira               1258.044       2622.474       2.084565    
        2006           5 rnge               1201.124      0.0000000E+00  0.0000000E+00
        2006           6 barl               198.8639       718.3204       3.612120    
        2006           7 akgs               705.8857       1296.609       1.836854    
        2006           8 wiry               390.9884       1223.057       3.128114    
        2006           9 radi               237.1218      0.0000000E+00  0.0000000E+00
        2006          10 sgbt               302.7199       3630.754       11.99378    
        2006          11 frst              0.0000000E+00  0.0000000E+00  0.0000000E+00
        2006          12 fesc               5928.468       32614.69       5.501368    
        2006          13 orcd               18.28396       4.384588      0.2398052    
        2006          14 rngb              0.0000000E+00  0.0000000E+00  0.0000000E+00
        2006          15 wetl              0.0000000E+00  0.0000000E+00  0.0000000E+00
        2007           1 wbar               1206.283       7944.579       6.585999    
        2007           2 csil               1096.159       13209.85       12.05104    
        2007           3 wwht               1695.753       10463.93       6.170672    
        2007           4 wira               939.2065       3492.779       3.718861    
        2007           5 rnge               1191.004      0.0000000E+00  0.0000000E+00
        2007           6 barl               133.3268       627.1042       4.703512    
        2007           7 akgs               2660.649       9083.408       3.413982    
        2007           8 wiry               580.7809       2919.991       5.027699    
        2007           9 radi               234.3220      0.0000000E+00  0.0000000E+00
        2007          10 sgbt               197.2362       2870.277       14.55249    
        2007          11 frst              0.0000000E+00  0.0000000E+00  0.0000000E+00
        2007          12 fesc               5928.469       54143.70       9.132830    
        2007          13 orcd               18.28396       5.704871      0.3120151    
        2007          14 rngb              0.0000000E+00  0.0000000E+00  0.0000000E+00
        2007          15 wetl              0.0000000E+00  0.0000000E+00  0.0000000E+00
        2008           1 wbar               1119.655       6970.267       6.225370    
        2008           2 csil               1127.637       14192.95       12.58645    
        2008           3 wwht               1746.420       11263.66       6.449567    
        2008           4 wira               1121.872       3416.404       3.045271    
        2008           5 rnge               1195.476      0.0000000E+00  0.0000000E+00
        2008           6 barl               108.0013       506.1237       4.686273    
        2008           7 akgs               2288.252       6834.115       2.986609    
        2008           8 wiry               539.6298       2410.223       4.466437    
        2008           9 radi               290.5836      0.0000000E+00  0.0000000E+00
        2008          10 sgbt               206.6694       2703.694       13.08222    
        2008          11 frst              0.0000000E+00  0.0000000E+00  0.0000000E+00
        2008          12 fesc               5928.469       45917.54       7.745260    
        2008          13 orcd               18.28396       6.707224      0.3668365    
        2008          14 rngb              0.0000000E+00  0.0000000E+00  0.0000000E+00
        2008          15 wetl              0.0000000E+00  0.0000000E+00  0.0000000E+00
        2009           1 wbar               1287.271       7641.156       5.935932    
        2009           2 csil               1011.138       11274.11       11.14992    
        2009           3 wwht               2210.255       13111.00       5.931898    
        2009           4 wira               857.4529       2601.127       3.033551    
        2009           5 rnge               1184.625      0.0000000E+00  0.0000000E+00
        2009           6 barl               66.65419       266.6824       4.000985    
        2009           7 akgs               1964.854       5733.668       2.918114    
        2009           8 wiry               456.5784       2095.577       4.589742    
        2009           9 radi               236.6308      0.0000000E+00  0.0000000E+00
        2009          10 sgbt               176.3060       2331.007       13.22137    
        2009          11 frst              0.0000000E+00  0.0000000E+00  0.0000000E+00
        2009          12 fesc               5928.470       44000.18       7.421843    
        2009          13 orcd               18.28396       7.518516      0.4112083    
        2009          14 rngb              0.0000000E+00  0.0000000E+00  0.0000000E+00
        2009          15 wetl              0.0000000E+00  0.0000000E+00  0.0000000E+00
        2010           1 wbar               1204.342       6952.355       5.772743    
        2010           2 csil               1130.071       12767.18       11.29768    
        2010           3 wwht               1726.492       10847.44       6.282935    
        2010           4 wira               1309.765       3938.322       3.006892    
        2010           5 rnge               1232.093      0.0000000E+00  0.0000000E+00
        2010           6 barl               65.42136       287.1386       4.389065    
        2010           7 akgs               1782.080       4693.344       2.633632    
        2010           8 wiry               468.3403       2017.112       4.306936    
        2010           9 radi               197.0472      0.0000000E+00  0.0000000E+00
        2010          10 sgbt               137.0342       1410.348       10.29194    
        2010          11 frst              0.0000000E+00  0.0000000E+00  0.0000000E+00
        2010          12 fesc               5928.469       38448.45       6.485393    
        2010          13 orcd               18.28396       8.058125      0.4407210    
        2010          14 rngb              0.0000000E+00  0.0000000E+00  0.0000000E+00
        2010          15 wetl              0.0000000E+00  0.0000000E+00  0.0000000E+00
        2011           1 wbar               1100.115       5908.626       5.370918    
        2011           2 csil               788.5850       9233.485       11.70893    
        2011           3 wwht               1975.793       11813.02       5.978874    
        2011           4 wira               1244.851       4071.140       3.270383    
        2011           5 rnge               1208.317      0.0000000E+00  0.0000000E+00
        2011           6 barl               221.0908       914.6067       4.136792    
        2011           7 akgs               1506.916       4995.841       3.315274    
        2011           8 wiry               470.9354       2073.265       4.402441    
        2011           9 radi               920.0482      0.0000000E+00  0.0000000E+00
        2011          10 sgbt               265.7327       3246.450       12.21698    
        2011          11 frst              0.0000000E+00  0.0000000E+00  0.0000000E+00
        2011          12 fesc               5928.470       45737.75       7.714932    
        2011          13 orcd               18.28396       8.731696      0.4775604    
        2011          14 rngb              0.0000000E+00  0.0000000E+00  0.0000000E+00
        2011          15 wetl              0.0000000E+00  0.0000000E+00  0.0000000E+00
        2012           1 wbar               1063.294       6216.149       5.846124    
        2012           2 csil               1128.253       13346.12       11.82902    
        2012           3 wwht               2009.855       12822.17       6.379652    
        2012           4 wira               1274.338       4806.790       3.771991    
        2012           5 rnge               1201.124      0.0000000E+00  0.0000000E+00
        2012           6 barl               199.2536       868.1403       4.356961    
        2012           7 akgs               1247.109       2298.405       1.842986    
        2012           8 wiry               375.4628       1836.544       4.891414    
        2012           9 radi               306.1885      0.0000000E+00  0.0000000E+00
        2012          10 sgbt               303.0967       4030.012       13.29613    
        2012          11 frst              0.0000000E+00  0.0000000E+00  0.0000000E+00
        2012          12 fesc               5928.469       45417.60       7.660933    
        2012          13 orcd               18.28396       9.265789      0.5067714    
        2012          14 rngb              0.0000000E+00  0.0000000E+00  0.0000000E+00
        2012          15 wetl              0.0000000E+00  0.0000000E+00  0.0000000E+00
        2013           1 wbar               1252.037       5797.736       4.630641    
        2013           2 csil               1077.598       11575.79       10.74222    
        2013           3 wwht               1653.817       9746.924       5.893594    
        2013           4 wira               939.2065       2904.263       3.092252    
        2013           5 rnge               1194.543      0.0000000E+00  0.0000000E+00
        2013           6 barl               149.7887       616.0491       4.112787    
        2013           7 akgs               2743.293       6667.442       2.430452    
        2013           8 wiry               569.3173       2415.489       4.242781    
        2013           9 radi               234.3220      0.0000000E+00  0.0000000E+00
        2013          10 sgbt               197.8107       2443.376       12.35209    
        2013          11 frst              0.0000000E+00  0.0000000E+00  0.0000000E+00
        2013          12 fesc               5928.470       36559.43       6.166757    
        2013          13 orcd               18.28396       9.403728      0.5143155    
        2013          14 rngb              0.0000000E+00  0.0000000E+00  0.0000000E+00
        2013          15 wetl              0.0000000E+00  0.0000000E+00  0.0000000E+00
        2014           1 wbar               1069.516       6237.197       5.831792    
        2014           2 csil               1091.137       12805.19       11.73563    
        2014           3 wwht               1769.715       11295.36       6.382590    
        2014           4 wira               1121.872       3902.416       3.478486    
        2014           5 rnge               1195.476      0.0000000E+00  0.0000000E+00
        2014           6 barl               87.38788       403.5530       4.617952    
        2014           7 akgs               2153.803       6316.245       2.932601    
        2014           8 wiry               584.4973       2750.480       4.705720    
        2014           9 radi               290.5836      0.0000000E+00  0.0000000E+00
        2014          10 sgbt               269.3709       3526.130       13.09024    
        2014          11 frst              0.0000000E+00  0.0000000E+00  0.0000000E+00
        2014          12 fesc               5928.472       49427.29       8.337273    
        2014          13 orcd               18.28396       9.749339      0.5332181    
        2014          14 rngb              0.0000000E+00  0.0000000E+00  0.0000000E+00
        2014          15 wetl              0.0000000E+00  0.0000000E+00  0.0000000E+00
        2015           1 wbar               1337.012       8184.763       6.121684    
        2015           2 csil               965.4437       9834.594       10.18660    
        2015           3 wwht               2252.157       13744.17       6.102670    
        2015           4 wira               923.6944       3493.440       3.782030    
        2015           5 rnge               1181.086      0.0000000E+00  0.0000000E+00
        2015           6 barl               75.31831       348.1422       4.622278    
        2015           7 akgs               1786.223       4785.528       2.679133    
        2015           8 wiry               420.1375       1872.263       4.456311    
        2015           9 radi               236.6308      0.0000000E+00  0.0000000E+00
        2015          10 sgbt               113.6868       1226.741       10.79053    
        2015          11 frst              0.0000000E+00  0.0000000E+00  0.0000000E+00
        2015          12 fesc               5928.469       48626.41       8.202186    
        2015          13 orcd               18.28396       9.860898      0.5393196    
        2015          14 rngb              0.0000000E+00  0.0000000E+00  0.0000000E+00
        2015          15 wetl              0.0000000E+00  0.0000000E+00  0.0000000E+00
        2016           1 wbar               1154.601       6950.851       6.020130    
        2016           2 csil               1110.411       13384.29       12.05345    
        2016           3 wwht               1777.882       11660.32       6.558546    
        2016           4 wira               1270.537       4411.742       3.472344    
        2016           5 rnge               1232.093      0.0000000E+00  0.0000000E+00
        2016           6 barl               80.02121       377.6179       4.718972    
        2016           7 akgs               1802.416       5011.350       2.780351    
        2016           8 wiry               524.4241       2543.380       4.849854    
        2016           9 radi               197.0472      0.0000000E+00  0.0000000E+00
        2016          10 sgbt               136.3772       1442.484       10.57716    
        2016          11 frst              0.0000000E+00  0.0000000E+00  0.0000000E+00
        2016          12 fesc               5928.467       45047.92       7.598577    
        2016          13 orcd               18.28396       10.12173      0.5535852    
        2016          14 rngb              0.0000000E+00  0.0000000E+00  0.0000000E+00
        2016          15 wetl              0.0000000E+00  0.0000000E+00  0.0000000E+00
        2017           1 wbar               1104.499       6046.118       5.474082    
        2017           2 csil               909.0010       11104.41       12.21606    
        2017           3 wwht               1901.144       11812.29       6.213252    
        2017           4 wira               1217.837       4278.929       3.513547    
        2017           5 rnge               1208.317      0.0000000E+00  0.0000000E+00
        2017           6 barl               201.9785       792.6505       3.924431    
        2017           7 akgs               1717.018       5222.879       3.041832    
        2017           8 wiry               417.8889       1770.460       4.236677    
        2017           9 radi               920.0484      0.0000000E+00  0.0000000E+00
        2017          10 sgbt               265.7327       3206.202       12.06552    
        2017          11 frst              0.0000000E+00  0.0000000E+00  0.0000000E+00
        2017          12 fesc               5928.469       43549.65       7.345851    
        2017          13 orcd               18.28396       10.38874      0.5681886    
        2017          14 rngb              0.0000000E+00  0.0000000E+00  0.0000000E+00
        2017          15 wetl              0.0000000E+00  0.0000000E+00  0.0000000E+00
        2018           1 wbar               1109.049       4946.518       4.460145    
        2018           2 csil               1041.776       8298.305       7.965534    
        2018           3 wwht               1977.727       6112.216       3.090527    
        2018           4 wira               1274.338       2595.837       2.037009    
        2018           5 rnge               1204.662      0.0000000E+00  0.0000000E+00
        2018           6 barl               212.6302       581.4001       2.734326    
        2018           7 akgs               1356.232       2482.528       1.830459    
        2018           8 wiry               363.9991       737.2727       2.025480    
        2018           9 radi               306.1885      0.0000000E+00  0.0000000E+00
        2018          10 sgbt               303.6713       2315.815       7.626060    
        2018          11 frst              0.0000000E+00  0.0000000E+00  0.0000000E+00
        2018          12 fesc               5928.468       43732.14       7.376634    
        2018          13 orcd               18.28396       8.866488      0.4849325    
        2018          14 rngb              0.0000000E+00  0.0000000E+00  0.0000000E+00
        2018          15 wetl              0.0000000E+00  0.0000000E+00  0.0000000E+00
        2019           1 wbar               1201.898       7544.344       6.277023    
        2019           2 csil               990.4752       10392.34       10.49228    
        2019           3 wwht               1723.427       10284.78       5.967634    
        2019           4 wira               966.2201       3477.575       3.599154    
        2019           5 rnge               1191.004      0.0000000E+00  0.0000000E+00
        2019           6 barl               144.6355       686.5182       4.746542    
        2019           7 akgs               2492.143       7075.520       2.839130    
        2019           8 wiry               616.2689       2520.227       4.089492    
        2019           9 radi               234.3220      0.0000000E+00  0.0000000E+00
        2019          10 sgbt               197.2362       2206.454       11.18686    
        2019          11 frst              0.0000000E+00  0.0000000E+00  0.0000000E+00
        2019          12 fesc               5928.468       49549.92       8.357964    
        2019          13 orcd               18.28396       9.090779      0.4971996    
        2019          14 rngb              0.0000000E+00  0.0000000E+00  0.0000000E+00
        2019          15 wetl              0.0000000E+00  0.0000000E+00  0.0000000E+00
        2020           1 wbar               1073.901       5603.220       5.217632    
        2020           2 csil               1138.395       12655.49       11.11696    
        2020           3 wwht               1796.160       9678.167       5.388255    
        2020           4 wira               1121.872       3791.990       3.380056    
        2020           5 rnge               1191.938      0.0000000E+00  0.0000000E+00
        2020           6 barl               91.53947       421.0800       4.599983    
        2020           7 akgs               1692.357       4820.376       2.848321    
        2020           8 wiry               551.0935       2469.111       4.480384    
        2020           9 radi               290.5836      0.0000000E+00  0.0000000E+00
        2020          10 sgbt               206.0948       2567.328       12.45702    
        2020          11 frst              0.0000000E+00  0.0000000E+00  0.0000000E+00
        2020          12 fesc               5928.468       50949.57       8.594054    
        2020          13 orcd               18.28396       9.499596      0.5195590    
        2020          14 rngb              0.0000000E+00  0.0000000E+00  0.0000000E+00
        2020          15 wetl              0.0000000E+00  0.0000000E+00  0.0000000E+00
