 tetves_data               SWAT+ Jan 11 2024        MODULAR Rev 2024.61.0                                 
       year     plant_no   plant_name       harv_area(ha)    yld(t)         yld(t/ha)      
        1998           1 rnge               790.5929      0.0000000E+00  0.0000000E+00
        1998           2 orcd               251.8265       96.93945      0.3849454    
        1998           3 canp               164.3108       1253.938       7.631503    
        1998           4 wwht               703.2350       6273.192       8.920477    
        1998           5 radi               133.6969      0.0000000E+00  0.0000000E+00
        1998           6 corn               529.8568       8967.753       16.92486    
        1998           7 sunf               325.6298       1352.490       4.153458    
        1998           8 wbar               188.3721       1215.875       6.454647    
        1998           9 frst              0.0000000E+00  0.0000000E+00  0.0000000E+00
        1998          10 alfa              0.0000000E+00  0.0000000E+00  0.0000000E+00
        1998          11 fesc               413.9955       4260.966       10.29230    
        1998          12 wetl              0.0000000E+00  0.0000000E+00  0.0000000E+00
        1999           1 rnge               790.5929      0.0000000E+00  0.0000000E+00
        1999           2 orcd               251.8265       134.0486      0.5323054    
        1999           3 canp               150.2583       1525.197       10.15050    
        1999           4 wwht               639.3506       4949.707       7.741771    
        1999           5 radi               155.3123      0.0000000E+00  0.0000000E+00
        1999           6 corn               659.3126       11645.34       17.66286    
        1999           7 sunf               273.7384       1200.307       4.384871    
        1999           8 wbar               166.1479       1116.282       6.718603    
        1999           9 frst              0.0000000E+00  0.0000000E+00  0.0000000E+00
        1999          10 alfa               546.7639       5006.021       9.155728    
        1999          11 fesc               413.9954       6557.776       15.84021    
        1999          12 wetl              0.0000000E+00  0.0000000E+00  0.0000000E+00
        2000           1 rnge               790.5929      0.0000000E+00  0.0000000E+00
        2000           2 orcd               251.8265       162.0775      0.6436076    
        2000           3 canp               110.2773       1258.899       11.41575    
        2000           4 wwht               635.8311       5431.497       8.542359    
        2000           5 radi               253.5353      0.0000000E+00  0.0000000E+00
        2000           6 corn               661.1242       11006.33       16.64791    
        2000           7 sunf               345.0255       1328.109       3.849306    
        2000           8 wbar               162.3110       1178.887       7.263139    
        2000           9 frst              0.0000000E+00  0.0000000E+00  0.0000000E+00
        2000          10 alfa               447.6641       4537.259       10.13541    
        2000          11 fesc               413.9954       6831.150       16.50055    
        2000          12 wetl              0.0000000E+00  0.0000000E+00  0.0000000E+00
        2001           1 rnge               790.5929      0.0000000E+00  0.0000000E+00
        2001           2 orcd               251.8265       55.08462      0.2187404    
        2001           3 canp               158.3815       1511.440       9.543036    
        2001           4 wwht               603.1821       4565.118       7.568390    
        2001           5 radi               87.38982      0.0000000E+00  0.0000000E+00
        2001           6 corn               775.8696       12499.94       16.11087    
        2001           7 sunf               318.4891       1293.363       4.060934    
        2001           8 wbar               158.3478       1189.669       7.513014    
        2001           9 frst              0.0000000E+00  0.0000000E+00  0.0000000E+00
        2001          10 alfa               148.5612       1512.562       10.18141    
        2001          11 fesc               413.9955       6671.529       16.11498    
        2001          12 wetl              0.0000000E+00  0.0000000E+00  0.0000000E+00
        2002           1 rnge               790.5929      0.0000000E+00  0.0000000E+00
        2002           2 orcd               251.8265       90.28060      0.3585032    
        2002           3 canp               121.9978       1201.960       9.852311    
        2002           4 wwht               679.8502       5201.783       7.651367    
        2002           5 radi               97.60889      0.0000000E+00  0.0000000E+00
        2002           6 corn               690.7842       9606.646       13.90687    
        2002           7 sunf               341.6718       1111.442       3.252951    
        2002           8 wbar               180.7330       1243.951       6.882811    
        2002           9 frst              0.0000000E+00  0.0000000E+00  0.0000000E+00
        2002          10 alfa               146.2598       1179.011       8.061070    
        2002          11 fesc               413.9955       6326.071       15.28053    
        2002          12 wetl              0.0000000E+00  0.0000000E+00  0.0000000E+00
        2003           1 rnge               790.5929      0.0000000E+00  0.0000000E+00
        2003           2 orcd               251.8265       124.4396      0.4941482    
        2003           3 canp               141.3618       891.3992       6.305799    
        2003           4 wwht               627.0129       3625.280       5.781826    
        2003           5 radi               91.45449      0.0000000E+00  0.0000000E+00
        2003           6 corn               737.7013       10880.97       14.74984    
        2003           7 sunf               298.3245       949.0657       3.181320    
        2003           8 wbar               169.1427       987.9604       5.840987    
        2003           9 frst              0.0000000E+00  0.0000000E+00  0.0000000E+00
        2003          10 alfa               280.4352       2815.197       10.03867    
        2003          11 fesc               413.9954       6987.721       16.87874    
        2003          12 wetl              0.0000000E+00  0.0000000E+00  0.0000000E+00
        2004           1 rnge               790.5929      0.0000000E+00  0.0000000E+00
        2004           2 orcd               251.8265       154.3108      0.6127664    
        2004           3 canp               164.3108       1479.715       9.005589    
        2004           4 wwht               720.1275       4040.277       5.610502    
        2004           5 radi               133.6969      0.0000000E+00  0.0000000E+00
        2004           6 corn               529.8567       9349.822       17.64594    
        2004           7 sunf               337.7522       1483.246       4.391522    
        2004           8 wbar               192.9296       842.7908       4.368384    
        2004           9 frst              0.0000000E+00  0.0000000E+00  0.0000000E+00
        2004          10 alfa               378.2570       3516.069       9.295447    
        2004          11 fesc               413.9955       6605.661       15.95588    
        2004          12 wetl              0.0000000E+00  0.0000000E+00  0.0000000E+00
        2005           1 rnge               790.5929      0.0000000E+00  0.0000000E+00
        2005           2 orcd               251.8265       117.2343      0.4655362    
        2005           3 canp               150.2583       1444.425       9.612947    
        2005           4 wwht               651.4730       3879.693       5.955263    
        2005           5 radi               155.3123      0.0000000E+00  0.0000000E+00
        2005           6 corn               669.0064       10932.14       16.34086    
        2005           7 sunf               251.9221       1072.041       4.255445    
        2005           8 wbar               166.1479       953.5228       5.739000    
        2005           9 frst              0.0000000E+00  0.0000000E+00  0.0000000E+00
        2005          10 alfa               524.9476       4991.152       9.507905    
        2005          11 fesc               413.9955       6220.485       15.02549    
        2005          12 wetl              0.0000000E+00  0.0000000E+00  0.0000000E+00
        2006           1 rnge               790.5929      0.0000000E+00  0.0000000E+00
        2006           2 orcd               251.8265       77.83719      0.3090905    
        2006           3 canp               110.2773       1048.140       9.504583    
        2006           4 wwht               623.7085       3988.365       6.394598    
        2006           5 radi               253.5353      0.0000000E+00  0.0000000E+00
        2006           6 corn               651.4303       10908.70       16.74576    
        2006           7 sunf               345.0255       1418.076       4.110060    
        2006           8 wbar               184.1273       850.7087       4.620220    
        2006           9 frst              0.0000000E+00  0.0000000E+00  0.0000000E+00
        2006          10 alfa               447.6641       4237.355       9.465481    
        2006          11 fesc               413.9954       6298.629       15.21425    
        2006          12 wetl              0.0000000E+00  0.0000000E+00  0.0000000E+00
        2007           1 rnge               790.5929      0.0000000E+00  0.0000000E+00
        2007           2 orcd               251.8265       116.6352      0.4631571    
        2007           3 canp               158.3815       1962.461       12.39072    
        2007           4 wwht               615.3046       5665.490       9.207618    
        2007           5 radi               87.38982      0.0000000E+00  0.0000000E+00
        2007           6 corn               775.8693       12067.90       15.55404    
        2007           7 sunf               318.4891       1119.859       3.516161    
        2007           8 wbar               136.5315       1220.672       8.940589    
        2007           9 frst              0.0000000E+00  0.0000000E+00  0.0000000E+00
        2007          10 alfa               177.6429       1956.872       11.01576    
        2007          11 fesc               413.9955       7121.300       17.20140    
        2007          12 wetl              0.0000000E+00  0.0000000E+00  0.0000000E+00
        2008           1 rnge               790.5929      0.0000000E+00  0.0000000E+00
        2008           2 orcd               251.8265       150.4882      0.5975870    
        2008           3 canp               142.2793       1472.288       10.34787    
        2008           4 wwht               679.8502       5426.081       7.981289    
        2008           5 radi               97.60889      0.0000000E+00  0.0000000E+00
        2008           6 corn               690.7841       11506.21       16.65674    
        2008           7 sunf               331.0843       1266.166       3.824301    
        2008           8 wbar               180.7330       1378.222       7.625735    
        2008           9 frst              0.0000000E+00  0.0000000E+00  0.0000000E+00
        2008          10 alfa               126.8721       1116.158       8.797507    
        2008          11 fesc               413.9955       7011.230       16.93553    
        2008          12 wetl              0.0000000E+00  0.0000000E+00  0.0000000E+00
        2009           1 rnge               790.5929      0.0000000E+00  0.0000000E+00
        2009           2 orcd               251.8265       116.4055      0.4622447    
        2009           3 canp               141.3618       1535.637       10.86317    
        2009           4 wwht               614.8903       4948.606       8.047951    
        2009           5 radi               91.45448      0.0000000E+00  0.0000000E+00
        2009           6 corn               737.7014       12530.71       16.98615    
        2009           7 sunf               310.4470       1134.224       3.653517    
        2009           8 wbar               169.1427       1315.824       7.779370    
        2009           9 frst              0.0000000E+00  0.0000000E+00  0.0000000E+00
        2009          10 alfa               292.5576       2666.671       9.115027    
        2009          11 fesc               413.9954       6842.484       16.52792    
        2009          12 wetl              0.0000000E+00  0.0000000E+00  0.0000000E+00
        2010           1 rnge               790.5929      0.0000000E+00  0.0000000E+00
        2010           2 orcd               251.8265       75.72380      0.3006983    
        2010           3 canp               164.3108       1594.224       9.702492    
        2010           4 wwht               732.2501       5015.087       6.848872    
        2010           5 radi               133.6969      0.0000000E+00  0.0000000E+00
        2010           6 corn               539.5505       8676.136       16.08030    
        2010           7 sunf               315.9359       1312.709       4.154985    
        2010           8 wbar               192.9297       1100.530       5.704305    
        2010           9 frst              0.0000000E+00  0.0000000E+00  0.0000000E+00
        2010          10 alfa               356.4408       3454.812       9.692528    
        2010          11 fesc               413.9955       6410.780       15.48514    
        2010          12 wetl              0.0000000E+00  0.0000000E+00  0.0000000E+00
        2011           1 rnge               790.5929      0.0000000E+00  0.0000000E+00
        2011           2 orcd               251.8265       113.8316      0.4520239    
        2011           3 canp               150.2583       1700.196       11.31515    
        2011           4 wwht               619.0693       4793.377       7.742877    
        2011           5 radi               155.3123      0.0000000E+00  0.0000000E+00
        2011           6 corn               679.5942       11260.09       16.56885    
        2011           7 sunf               251.9221       981.0826       3.894389    
        2011           8 wbar               187.9642       1248.842       6.644041    
        2011           9 frst              0.0000000E+00  0.0000000E+00  0.0000000E+00
        2011          10 alfa               524.9476       5114.461       9.742804    
        2011          11 fesc               413.9954       6861.038       16.57274    
        2011          12 wetl              0.0000000E+00  0.0000000E+00  0.0000000E+00
        2012           1 rnge               790.5929      0.0000000E+00  0.0000000E+00
        2012           2 orcd               251.8265       146.8511      0.5831441    
        2012           3 canp               110.2773       1162.966       10.54583    
        2012           4 wwht               635.8311       4995.325       7.856371    
        2012           5 radi               253.5352      0.0000000E+00  0.0000000E+00
        2012           6 corn               651.4305       8701.061       13.35685    
        2012           7 sunf               345.0255       1125.094       3.260902    
        2012           8 wbar               162.3110       1169.489       7.205236    
        2012           9 frst              0.0000000E+00  0.0000000E+00  0.0000000E+00
        2012          10 alfa               476.7457       5368.904       11.26157    
        2012          11 fesc               413.9955       7372.081       17.80715    
        2012          12 wetl              0.0000000E+00  0.0000000E+00  0.0000000E+00
        2013           1 rnge               790.5929      0.0000000E+00  0.0000000E+00
        2013           2 orcd               251.8265       114.9056      0.4562890    
        2013           3 canp               158.3815       1621.034       10.23500    
        2013           4 wwht               615.3046       4239.770       6.890522    
        2013           5 radi               87.38982      0.0000000E+00  0.0000000E+00
        2013           6 corn               775.8695       12937.24       16.67450    
        2013           7 sunf               328.1830       1463.424       4.459171    
        2013           8 wbar               136.5315       791.8607       5.799840    
        2013           9 frst              0.0000000E+00  0.0000000E+00  0.0000000E+00
        2013          10 alfa               158.2551       1623.798       10.26064    
        2013          11 fesc               413.9955       6714.512       16.21881    
        2013          12 wetl              0.0000000E+00  0.0000000E+00  0.0000000E+00
        2014           1 rnge               790.5929      0.0000000E+00  0.0000000E+00
        2014           2 orcd               251.8265       75.38876      0.2993678    
        2014           3 canp               121.9978       1349.572       11.06227    
        2014           4 wwht               667.7277       5882.729       8.810072    
        2014           5 radi               97.60889      0.0000000E+00  0.0000000E+00
        2014           6 corn               690.7842       11365.52       16.45307    
        2014           7 sunf               363.4883       1673.234       4.603267    
        2014           8 wbar               180.7330       1455.144       8.051348    
        2014           9 frst              0.0000000E+00  0.0000000E+00  0.0000000E+00
        2014          10 alfa               138.9945       1149.752       8.271929    
        2014          11 fesc               413.9955       6719.479       16.23080    
        2014          12 wetl              0.0000000E+00  0.0000000E+00  0.0000000E+00
        2015           1 rnge               790.5929      0.0000000E+00  0.0000000E+00
        2015           2 orcd               251.8265       112.1147      0.4452060    
        2015           3 canp               141.3618       1628.975       11.52345    
        2015           4 wwht               627.0127       5323.507       8.490270    
        2015           5 radi               91.45447      0.0000000E+00  0.0000000E+00
        2015           6 corn               747.3954       12042.75       16.11295    
        2015           7 sunf               288.6306       1137.453       3.940861    
        2015           8 wbar               169.1427       1281.102       7.574091    
        2015           9 frst              0.0000000E+00  0.0000000E+00  0.0000000E+00
        2015          10 alfa               270.7413       2636.781       9.739113    
        2015          11 fesc               413.9954       6936.369       16.75470    
        2015          12 wetl              0.0000000E+00  0.0000000E+00  0.0000000E+00
        2016           1 rnge               790.5929      0.0000000E+00  0.0000000E+00
        2016           2 orcd               251.8265       145.0025      0.5758033    
        2016           3 canp               164.3108       1807.664       11.00149    
        2016           4 wwht               720.1273       6504.827       9.032885    
        2016           5 radi               133.6969      0.0000000E+00  0.0000000E+00
        2016           6 corn               529.8567       9015.240       17.01449    
        2016           7 sunf               315.9359       1258.169       3.982354    
        2016           8 wbar               214.7460       1695.068       7.893362    
        2016           9 frst              0.0000000E+00  0.0000000E+00  0.0000000E+00
        2016          10 alfa               356.4408       3538.932       9.928527    
        2016          11 fesc               413.9955       6931.483       16.74290    
        2016          12 wetl              0.0000000E+00  0.0000000E+00  0.0000000E+00
        2017           1 rnge               790.5929      0.0000000E+00  0.0000000E+00
        2017           2 orcd               251.8265       114.2112      0.4535313    
        2017           3 canp               150.2583       1572.345       10.46428    
        2017           4 wwht               651.4731       6359.867       9.762287    
        2017           5 radi               155.3123      0.0000000E+00  0.0000000E+00
        2017           6 corn               659.3126       10780.17       16.35061    
        2017           7 sunf               251.9221       935.0903       3.711823    
        2017           8 wbar               166.1479       1443.993       8.691008    
        2017           9 frst              0.0000000E+00  0.0000000E+00  0.0000000E+00
        2017          10 alfa               554.0292       5809.294       10.48554    
        2017          11 fesc               413.9955       7405.780       17.88856    
        2017          12 wetl              0.0000000E+00  0.0000000E+00  0.0000000E+00
        2018           1 rnge               790.5929      0.0000000E+00  0.0000000E+00
        2018           2 orcd               251.8265       71.60498      0.2843425    
        2018           3 canp               110.2773       1170.326       10.61257    
        2018           4 wwht               635.8311       5206.312       8.188200    
        2018           5 radi               253.5353      0.0000000E+00  0.0000000E+00
        2018           6 corn               651.4305       10205.06       15.66562    
        2018           7 sunf               354.7195       1212.875       3.419251    
        2018           8 wbar               162.3110       1291.514       7.957032    
        2018           9 frst              0.0000000E+00  0.0000000E+00  0.0000000E+00
        2018          10 alfa               457.3580       4895.026       10.70283    
        2018          11 fesc               413.9954       7068.167       17.07306    
        2018          12 wetl              0.0000000E+00  0.0000000E+00  0.0000000E+00
        2019           1 rnge               790.5929      0.0000000E+00  0.0000000E+00
        2019           2 orcd               251.8265       109.4796      0.4347420    
        2019           3 canp               158.3815       1923.365       12.14387    
        2019           4 wwht               603.1822       5624.554       9.324800    
        2019           5 radi               87.38982      0.0000000E+00  0.0000000E+00
        2019           6 corn               775.8694       11845.21       15.26701    
        2019           7 sunf               340.3055       1244.603       3.657313    
        2019           8 wbar               136.5315       1193.226       8.739572    
        2019           9 frst              0.0000000E+00  0.0000000E+00  0.0000000E+00
        2019          10 alfa               170.3775       1836.043       10.77632    
        2019          11 fesc               413.9954       7249.613       17.51134    
        2019          12 wetl              0.0000000E+00  0.0000000E+00  0.0000000E+00
        2020           1 rnge               790.5929      0.0000000E+00  0.0000000E+00
        2020           2 orcd               251.8265       145.0234      0.5758861    
        2020           3 canp               121.9978       1474.568       12.08684    
        2020           4 wwht               679.8500       6264.457       9.214469    
        2020           5 radi               97.60889      0.0000000E+00  0.0000000E+00
        2020           6 corn               720.7595       11715.21       16.25398    
        2020           7 sunf               321.3904       1329.826       4.137728    
        2020           8 wbar               180.7330       1551.196       8.582802    
        2020           9 frst              0.0000000E+00  0.0000000E+00  0.0000000E+00
        2020          10 alfa               117.1782       1109.747       9.470595    
        2020          11 fesc               413.9955       7454.327       18.00582    
        2020          12 wetl              0.0000000E+00  0.0000000E+00  0.0000000E+00
