hru_id
13
15
16
35
36
37
39
41
42
44
45
54
57
59
85
90
91
92
98
100
101
104
110
111
112
113
115
116
117
118
119
120
121
124
125
127
128
129
130
131
132
133
140
143
183
203
207
209
211
215
218
220
223
228
233
235
236
238
239
241
242
244
249
253
254
255
256
257
261
275
279
284
286
288
295
300
301
302
304
305
310
315
322
324
326
327
328
331
334
335
336
338
341
343
347
349
350
351
352
357
358
359
360
361
362
364
365
369
370
371
372
373
375
378
382
384
386
387
389
390
391
392
394
395
398
399
400
401
402
404
409
412
413
422
423
424
426
434
435
437
438
440
442
445
446
447
449
450
451
459
463
472
473
474
477
478
479
480
481
482
484
489
491
492
493
496
500
504
509
516
522
523
526
535
536
537
538
541
542
543
544
545
546
547
548
550
551
553
554
556
557
558
559
560
561
562
564
566
567
568
572
575
576
578
579
583
590
597
598
599
602
606
607
610
614
615
618
619
624
625
626
631
634
639
647
651
652
655
662
663
669
670
673
677
680
684
685
688
689
694
696
699
700
702
703
708
709
716
717
719
724
729
735
739
741
764
765
766
780
782
792
853
854
882
900
914
921
922
923
926
927
928
931
932
933
938
939
941
942
943
967
975
979
984
985
987
991
1011
1016
1020
1025
1032
1035
1043
1044
1045
1047
1048
1049
1050
1051
1052
1053
1054
1055
1056
1057
1058
1059
1060
1061
1077
1078
1079
1080
1083
1092
1101
1102
1112
1157
