 CS12                      SWAT+ Jan 11 2024        MODULAR Rev 2024.61.0                                 
       year     plant_no   plant_name       harv_area(ha)    yld(t)         yld(t/ha)      
        2006           1 wwht               821.6730       6189.322       7.532585    
        2006           2 popy               43.76519       84.63468       1.933836    
        2006           3 barl               128.0716       735.7096       5.744517    
        2006           4 fpea               201.2732       786.6719       3.908479    
        2006           5 wira               724.3616       3453.664       4.767872    
        2006           6 clvr               1164.943       4875.452       4.185142    
        2006           7 csil               683.5730       8792.951       12.86322    
        2006           8 trit               186.8734       1750.306       9.366266    
        2006           9 swht               36.03858       211.2661       5.862220    
        2006          10 wbar               279.7474       2028.109       7.249786    
        2006          11 oats               6.450730       31.15207       4.829231    
        2006          12 pota               135.9394       809.3912       5.954058    
        2006          13 rnge              0.0000000E+00  0.0000000E+00  0.0000000E+00
        2006          14 rngb              0.0000000E+00  0.0000000E+00  0.0000000E+00
        2006          15 frst              0.0000000E+00  0.0000000E+00  0.0000000E+00
        2006          16 past              0.0000000E+00  0.0000000E+00  0.0000000E+00
        2006          17 wetn              0.0000000E+00  0.0000000E+00  0.0000000E+00
        2007           1 wwht               1024.647       4049.463       3.952055    
        2007           2 popy               19.42360       24.19369       1.245582    
        2007           3 barl               175.1006       976.5432       5.577039    
        2007           4 fpea               393.8160       1597.475       4.056399    
        2007           5 wira               463.2731       1755.428       3.789186    
        2007           6 clvr               1072.676       4317.302       4.024795    
        2007           7 csil               427.2788       4717.631       11.04111    
        2007           8 trit               266.7689       1264.142       4.738716    
        2007           9 swht               66.93903       256.5998       3.833336    
        2007          10 wbar               255.7482       2454.275       9.596450    
        2007          11 oats               27.63334       110.6976       4.005943    
        2007          12 pota               157.8938       667.2457       4.225915    
        2007          13 rnge              0.0000000E+00  0.0000000E+00  0.0000000E+00
        2007          14 rngb              0.0000000E+00  0.0000000E+00  0.0000000E+00
        2007          15 frst              0.0000000E+00  0.0000000E+00  0.0000000E+00
        2007          16 past              0.0000000E+00  0.0000000E+00  0.0000000E+00
        2007          17 wetn              0.0000000E+00  0.0000000E+00  0.0000000E+00
        2008           1 wwht               768.5319       4671.004       6.077827    
        2008           2 popy               55.57292       58.84204       1.058826    
        2008           3 barl               269.5099       1442.994       5.354139    
        2008           4 fpea               256.6339       880.2023       3.429797    
        2008           5 wira               373.0359       1294.417       3.469953    
        2008           6 clvr               1380.523       6169.144       4.468699    
        2008           7 csil               837.7021       9542.555       11.39135    
        2008           8 trit               108.1457       577.5569       5.340547    
        2008           9 swht               74.20810       240.2873       3.238019    
        2008          10 wbar               148.2683       1061.255       7.157669    
        2008          11 oats               92.04580       354.0927       3.846919    
        2008          12 pota               192.2522       985.7845       5.127559    
        2008          13 rnge              0.0000000E+00  0.0000000E+00  0.0000000E+00
        2008          14 rngb              0.0000000E+00  0.0000000E+00  0.0000000E+00
        2008          15 frst              0.0000000E+00  0.0000000E+00  0.0000000E+00
        2008          16 past              0.0000000E+00  0.0000000E+00  0.0000000E+00
        2008          17 wetn              0.0000000E+00  0.0000000E+00  0.0000000E+00
        2009           1 wwht               903.6595       4604.343       5.095219    
        2009           2 popy               126.1807       130.7692       1.036365    
        2009           3 barl               152.5868       653.5235       4.282962    
        2009           4 fpea               225.4877       722.6647       3.204897    
        2009           5 wira               437.1573       1615.138       3.694639    
        2009           6 clvr               1217.095       3879.681       3.187656    
        2009           7 csil               583.8951       6566.198       11.24551    
        2009           8 trit               143.0289       622.4370       4.351825    
        2009           9 swht               68.78074       249.4914       3.627344    
        2009          10 wbar               334.8235       2294.713       6.853499    
        2009          11 oats               19.28534       63.85608       3.311120    
        2009          12 pota               235.4975       1168.597       4.962247    
        2009          13 rnge              0.0000000E+00  0.0000000E+00  0.0000000E+00
        2009          14 rngb              0.0000000E+00  0.0000000E+00  0.0000000E+00
        2009          15 frst              0.0000000E+00  0.0000000E+00  0.0000000E+00
        2009          16 past              0.0000000E+00  0.0000000E+00  0.0000000E+00
        2009          17 wetn              0.0000000E+00  0.0000000E+00  0.0000000E+00
        2010           1 wwht               986.7184       3491.892       3.538894    
        2010           2 popy               47.94910       32.08960      0.6692430    
        2010           3 barl               117.6622       242.4849       2.060857    
        2010           4 fpea               244.3261       321.2694       1.314920    
        2010           5 wira               543.1158       1623.261       2.988793    
        2010           6 clvr               589.2064       2018.978       3.426605    
        2010           7 csil               657.7633       6843.627       10.40439    
        2010           8 trit               184.5433       839.9055       4.551265    
        2010           9 swht               14.89359       31.65683       2.125534    
        2010          10 wbar               404.5009       1433.485       3.543836    
        2010          11 oats               76.72266       125.0202       1.629508    
        2010          12 pota               161.4844       669.4137       4.145377    
        2010          13 rnge              0.0000000E+00  0.0000000E+00  0.0000000E+00
        2010          14 rngb              0.0000000E+00  0.0000000E+00  0.0000000E+00
        2010          15 frst              0.0000000E+00  0.0000000E+00  0.0000000E+00
        2010          16 past              0.0000000E+00  0.0000000E+00  0.0000000E+00
        2010          17 wetn              0.0000000E+00  0.0000000E+00  0.0000000E+00
        2011           1 wwht               969.8329       5731.818       5.910109    
        2011           2 popy               47.94910       49.84904       1.039624    
        2011           3 barl               117.6070       584.6324       4.971066    
        2011           4 fpea               213.3643       720.4262       3.376507    
        2011           5 wira               543.2895       2612.231       4.808175    
        2011           6 clvr               572.5220       2149.270       3.754039    
        2011           7 csil               668.4609       7616.553       11.39416    
        2011           8 trit               184.5433       858.2291       4.650557    
        2011           9 swht               14.89359       82.11852       5.513681    
        2011          10 wbar               404.5988       2863.256       7.076779    
        2011          11 oats               76.80511       306.9943       3.997056    
        2011          12 pota               203.8962       1117.516       5.480810    
        2011          13 rnge              0.0000000E+00  0.0000000E+00  0.0000000E+00
        2011          14 rngb              0.0000000E+00  0.0000000E+00  0.0000000E+00
        2011          15 frst              0.0000000E+00  0.0000000E+00  0.0000000E+00
        2011          16 past              0.0000000E+00  0.0000000E+00  0.0000000E+00
        2011          17 wetn              0.0000000E+00  0.0000000E+00  0.0000000E+00
        2012           1 wwht               829.3972       5631.654       6.790056    
        2012           2 popy               43.76519       80.72682       1.844544    
        2012           3 barl               128.0716       690.5029       5.391537    
        2012           4 fpea               201.2732       832.8778       4.138047    
        2012           5 wira               716.7202       2810.230       3.920958    
        2012           6 clvr               1164.943       4975.965       4.271422    
        2012           7 csil               683.5729       7326.570       10.71805    
        2012           8 trit               186.8734       1027.212       5.496835    
        2012           9 swht               36.03858       157.9485       4.382761    
        2012          10 wbar               279.7473       2389.805       8.542729    
        2012          11 oats               6.368290       27.82968       4.370039    
        2012          12 pota               135.9395       740.8475       5.449835    
        2012          13 rnge              0.0000000E+00  0.0000000E+00  0.0000000E+00
        2012          14 rngb              0.0000000E+00  0.0000000E+00  0.0000000E+00
        2012          15 frst              0.0000000E+00  0.0000000E+00  0.0000000E+00
        2012          16 past              0.0000000E+00  0.0000000E+00  0.0000000E+00
        2012          17 wetn              0.0000000E+00  0.0000000E+00  0.0000000E+00
        2013           1 wwht               1020.657       4305.656       4.218513    
        2013           2 popy               19.42360       18.20845      0.9374394    
        2013           3 barl               175.1006       527.7467       3.013963    
        2013           4 fpea               394.2516       633.6633       1.607256    
        2013           5 wira               463.2731       991.5638       2.140344    
        2013           6 clvr               1072.924       2214.295       2.063796    
        2013           7 csil               427.2788       3788.297       8.866099    
        2013           8 trit               269.6458       1180.870       4.379339    
        2013           9 swht               66.93903       185.9802       2.778352    
        2013          10 wbar               255.7482       997.9088       3.901920    
        2013          11 oats               28.22870       68.48269       2.425995    
        2013          12 pota               157.8938       691.2734       4.378091    
        2013          13 rnge              0.0000000E+00  0.0000000E+00  0.0000000E+00
        2013          14 rngb              0.0000000E+00  0.0000000E+00  0.0000000E+00
        2013          15 frst              0.0000000E+00  0.0000000E+00  0.0000000E+00
        2013          16 past              0.0000000E+00  0.0000000E+00  0.0000000E+00
        2013          17 wetn              0.0000000E+00  0.0000000E+00  0.0000000E+00
        2014           1 wwht               768.7059       4730.779       6.154212    
        2014           2 popy               55.57291       70.21922       1.263551    
        2014           3 barl               269.5924       1525.576       5.658826    
        2014           4 fpea               256.1982       931.4258       3.635567    
        2014           5 wira               376.7698       1936.360       5.139371    
        2014           6 clvr               1380.277       5264.367       3.813994    
        2014           7 csil               837.7023       9286.650       11.08586    
        2014           8 trit               105.2688       705.8497       6.705212    
        2014           9 swht               74.20811       351.0451       4.730549    
        2014          10 wbar               148.2682       1214.487       8.191147    
        2014          11 oats               91.45045       378.1281       4.134787    
        2014          12 pota               192.2522       744.7472       3.873803    
        2014          13 rnge              0.0000000E+00  0.0000000E+00  0.0000000E+00
        2014          14 rngb              0.0000000E+00  0.0000000E+00  0.0000000E+00
        2014          15 frst              0.0000000E+00  0.0000000E+00  0.0000000E+00
        2014          16 past              0.0000000E+00  0.0000000E+00  0.0000000E+00
        2014          17 wetn              0.0000000E+00  0.0000000E+00  0.0000000E+00
        2015           1 wwht               903.6593       3711.534       4.107227    
        2015           2 popy               126.1806       149.8810       1.187829    
        2015           3 barl               152.5868       645.4584       4.230107    
        2015           4 fpea               225.4877       831.2319       3.686374    
        2015           5 wira               437.1573       891.5071       2.039328    
        2015           6 clvr               1217.096       4124.743       3.389002    
        2015           7 csil               583.8951       5090.228       8.717710    
        2015           8 trit               143.0289       475.6320       3.325425    
        2015           9 swht               68.78074       319.3623       4.643194    
        2015          10 wbar               334.8235       2863.238       8.551483    
        2015          11 oats               19.28534       77.20589       4.003345    
        2015          12 pota               235.4975       816.4094       3.466743    
        2015          13 rnge              0.0000000E+00  0.0000000E+00  0.0000000E+00
        2015          14 rngb              0.0000000E+00  0.0000000E+00  0.0000000E+00
        2015          15 frst              0.0000000E+00  0.0000000E+00  0.0000000E+00
        2015          16 past              0.0000000E+00  0.0000000E+00  0.0000000E+00
        2015          17 wetn              0.0000000E+00  0.0000000E+00  0.0000000E+00
        2016           1 wwht               982.8102       6181.359       6.289474    
        2016           2 popy               47.94910       60.75568       1.267087    
        2016           3 barl               117.5797       637.5193       5.422018    
        2016           4 fpea               244.3261       919.3183       3.762669    
        2016           5 wira               547.0236       2083.988       3.809685    
        2016           6 clvr               589.2064       2689.105       4.563943    
        2016           7 csil               657.7634       8282.197       12.59145    
        2016           8 trit               184.5433       981.7672       5.319983    
        2016           9 swht               14.89359       85.97935       5.772909    
        2016          10 wbar               404.5010       3337.815       8.251686    
        2016          11 oats               76.80512       343.8373       4.476750    
        2016          12 pota               161.4844       936.2444       5.797740    
        2016          13 rnge              0.0000000E+00  0.0000000E+00  0.0000000E+00
        2016          14 rngb              0.0000000E+00  0.0000000E+00  0.0000000E+00
        2016          15 frst              0.0000000E+00  0.0000000E+00  0.0000000E+00
        2016          16 past              0.0000000E+00  0.0000000E+00  0.0000000E+00
        2016          17 wetn              0.0000000E+00  0.0000000E+00  0.0000000E+00
        2017           1 wwht               973.8229       5339.003       5.482520    
        2017           2 popy               47.94910       62.51101       1.303695    
        2017           3 barl               117.6070       590.6470       5.022208    
        2017           4 fpea               213.3643       909.0967       4.260771    
        2017           5 wira               539.3815       2200.266       4.079238    
        2017           6 clvr               572.5220       1482.410       2.589263    
        2017           7 csil               668.4610       8438.807       12.62423    
        2017           8 trit               184.5433       832.5576       4.511449    
        2017           9 swht               14.89359       62.12712       4.171399    
        2017          10 wbar               404.5988       3624.969       8.959415    
        2017          11 oats               76.72267       299.2820       3.900828    
        2017          12 pota               203.8962       1155.450       5.666853    
        2017          13 rnge              0.0000000E+00  0.0000000E+00  0.0000000E+00
        2017          14 rngb              0.0000000E+00  0.0000000E+00  0.0000000E+00
        2017          15 frst              0.0000000E+00  0.0000000E+00  0.0000000E+00
        2017          16 past              0.0000000E+00  0.0000000E+00  0.0000000E+00
        2017          17 wetn              0.0000000E+00  0.0000000E+00  0.0000000E+00
        2018           1 wwht               825.4067       4606.332       5.580681    
        2018           2 popy               43.76519       81.38235       1.859522    
        2018           3 barl               128.0716       646.7750       5.050104    
        2018           4 fpea               201.7088       675.8992       3.350866    
        2018           5 wira               716.7202       2802.709       3.910465    
        2018           6 clvr               1165.191       5460.479       4.686339    
        2018           7 csil               683.5729       6898.733       10.09217    
        2018           8 trit               189.7502       878.6371       4.630493    
        2018           9 swht               36.03858       130.9016       3.632262    
        2018          10 wbar               279.7473       2177.689       7.784487    
        2018          11 oats               6.963650       24.05156       3.453872    
        2018          12 pota               135.9394       761.2062       5.599598    
        2018          13 rnge              0.0000000E+00  0.0000000E+00  0.0000000E+00
        2018          14 rngb              0.0000000E+00  0.0000000E+00  0.0000000E+00
        2018          15 frst              0.0000000E+00  0.0000000E+00  0.0000000E+00
        2018          16 past              0.0000000E+00  0.0000000E+00  0.0000000E+00
        2018          17 wetn              0.0000000E+00  0.0000000E+00  0.0000000E+00
        2019           1 wwht               1020.657       6679.515       6.544329    
        2019           2 popy               19.42360       26.67043       1.373094    
        2019           3 barl               175.1006       1035.594       5.914280    
        2019           4 fpea               393.8160       1314.662       3.338264    
        2019           5 wira               467.1811       2406.051       5.150146    
        2019           6 clvr               1072.676       5442.992       5.074216    
        2019           7 csil               427.2788       5263.844       12.31946    
        2019           8 trit               266.7689       1719.875       6.447059    
        2019           9 swht               66.93903       254.3006       3.798989    
        2019          10 wbar               255.7481       2216.416       8.666399    
        2019          11 oats               27.71578       105.1409       3.793540    
        2019          12 pota               157.8938       874.0703       5.535812    
        2019          13 rnge              0.0000000E+00  0.0000000E+00  0.0000000E+00
        2019          14 rngb              0.0000000E+00  0.0000000E+00  0.0000000E+00
        2019          15 frst              0.0000000E+00  0.0000000E+00  0.0000000E+00
        2019          16 past              0.0000000E+00  0.0000000E+00  0.0000000E+00
        2019          17 wetn              0.0000000E+00  0.0000000E+00  0.0000000E+00
        2020           1 wwht               768.7882       5023.250       6.533984    
        2020           2 popy               55.57292       72.68718       1.307960    
        2020           3 barl               269.5099       1482.875       5.502115    
        2020           4 fpea               256.1982       1017.375       3.971047    
        2020           5 wira               376.7699       1332.891       3.537679    
        2020           6 clvr               1380.276       6986.427       5.061615    
        2020           7 csil               837.7023       10829.09       12.92713    
        2020           8 trit               105.2688       651.4542       6.188482    
        2020           9 swht               74.20811       392.2308       5.285553    
        2020          10 wbar               148.2683       1366.471       9.216205    
        2020          11 oats               91.45045       393.7716       4.305846    
        2020          12 pota               192.2522       1192.606       6.203342    
        2020          13 rnge              0.0000000E+00  0.0000000E+00  0.0000000E+00
        2020          14 rngb              0.0000000E+00  0.0000000E+00  0.0000000E+00
        2020          15 frst              0.0000000E+00  0.0000000E+00  0.0000000E+00
        2020          16 past              0.0000000E+00  0.0000000E+00  0.0000000E+00
        2020          17 wetn              0.0000000E+00  0.0000000E+00  0.0000000E+00
        2021           1 wwht               899.7514       5635.920       6.263864    
        2021           2 popy               126.1806       113.0981      0.8963193    
        2021           3 barl               152.5043       828.5870       5.433203    
        2021           4 fpea               225.9234       857.5846       3.795909    
        2021           5 wira               437.1573       995.5059       2.277226    
        2021           6 clvr               1217.343       3772.173       3.098693    
        2021           7 csil               583.8951       6550.617       11.21882    
        2021           8 trit               145.9058       641.9122       4.399498    
        2021           9 swht               68.78074       283.8914       4.127484    
        2021          10 wbar               334.8236       2746.336       8.202336    
        2021          11 oats               19.88070       65.29023       3.284101    
        2021          12 pota               235.4975       1393.073       5.915446    
        2021          13 rnge              0.0000000E+00  0.0000000E+00  0.0000000E+00
        2021          14 rngb              0.0000000E+00  0.0000000E+00  0.0000000E+00
        2021          15 frst              0.0000000E+00  0.0000000E+00  0.0000000E+00
        2021          16 past              0.0000000E+00  0.0000000E+00  0.0000000E+00
        2021          17 wetn              0.0000000E+00  0.0000000E+00  0.0000000E+00
