 HAFL_pntsource            SWAT+ Jan 11 2024        MODULAR Rev 2024.61.0                                 
       year     plant_no   plant_name       harv_area(ha)    yld(t)         yld(t/ha)      
        1988           1 wwht               1512.523       6819.723       4.508839    
        1988           2 sgbt               579.0502       7033.761       12.14707    
        1988           3 swht               253.2776       1236.748       4.882972    
        1988           4 canp               607.5871      0.0000000E+00  0.0000000E+00
        1988           5 ryeg               4528.829       12439.94       2.746835    
        1988           6 pota               407.1302       2903.930       7.132681    
        1988           7 corn               483.2748       4371.457       9.045488    
        1988           8 csil               502.4754       6648.989       13.23247    
        1988           9 sunf               260.4235       592.9653       2.276927    
        1988          10 trit               208.3286       1742.345       8.363445    
        1988          11 wbar               321.7066       2694.601       8.375956    
        1988          12 tobc               87.58699       369.4122       4.217660    
        1988          13 peas               112.2055       238.2712       2.123525    
        1988          14 frst              0.0000000E+00  0.0000000E+00  0.0000000E+00
        1988          15 shrb              0.0000000E+00  0.0000000E+00  0.0000000E+00
        1988          16 orcd               52.64540       15.80837      0.3002801    
        1988          17 rnge              0.0000000E+00  0.0000000E+00  0.0000000E+00
        1988          18 wetl              0.0000000E+00  0.0000000E+00  0.0000000E+00
        1989           1 wwht               1298.617       3548.230       2.732314    
        1989           2 sgbt               550.9717       4927.603       8.943477    
        1989           3 swht               307.7853       1140.649       3.705989    
        1989           4 canp               603.8943       1144.473       1.895154    
        1989           5 ryeg               6645.169       12923.41       1.944782    
        1989           6 pota               366.9101       2510.735       6.842915    
        1989           7 corn               636.0321       4494.126       7.065879    
        1989           8 csil               332.8127       3559.192       10.69428    
        1989           9 sunf               204.8389       298.9102       1.459245    
        1989          10 trit               208.4755       1027.342       4.927880    
        1989          11 wbar               331.5650       1897.980       5.724307    
        1989          12 tobc               99.77129       395.8595       3.967669    
        1989          13 peas               88.78114       137.8809       1.553043    
        1989          14 frst              0.0000000E+00  0.0000000E+00  0.0000000E+00
        1989          15 shrb              0.0000000E+00  0.0000000E+00  0.0000000E+00
        1989          16 orcd               52.64542       19.38699      0.3682560    
        1989          17 rnge              0.0000000E+00  0.0000000E+00  0.0000000E+00
        1989          18 wetl              0.0000000E+00  0.0000000E+00  0.0000000E+00
        1990           1 wwht               1325.912       4066.225       3.066738    
        1990           2 sgbt               541.3132       4970.922       9.183080    
        1990           3 swht               368.8182       1407.147       3.815285    
        1990           4 canp               475.8890       963.8463       2.025359    
        1990           5 ryeg               6044.551       10984.65       1.817281    
        1990           6 pota               502.2433       2806.116       5.587164    
        1990           7 corn               345.5449       2489.281       7.203929    
        1990           8 csil               402.6930       3797.902       9.431258    
        1990           9 sunf               272.4651       419.0886       1.538137    
        1990          10 trit               137.6498       734.2332       5.334068    
        1990          11 wbar               317.9907       2193.526       6.898082    
        1990          12 tobc               99.47699       342.2703       3.440698    
        1990          13 peas               123.9839       179.3970       1.446938    
        1990          14 frst              0.0000000E+00  0.0000000E+00  0.0000000E+00
        1990          15 shrb              0.0000000E+00  0.0000000E+00  0.0000000E+00
        1990          16 orcd               52.64542       22.39755      0.4254417    
        1990          17 rnge              0.0000000E+00  0.0000000E+00  0.0000000E+00
        1990          18 wetl              0.0000000E+00  0.0000000E+00  0.0000000E+00
        1991           1 wwht               1467.706       3236.186       2.204928    
        1991           2 sgbt               571.8392       5495.648       9.610478    
        1991           3 swht               594.3725       2123.925       3.573390    
        1991           4 canp               540.9539       1204.491       2.226605    
        1991           5 ryeg               5210.157       6231.002       1.195934    
        1991           6 pota               446.0943       2450.373       5.492949    
        1991           7 corn               273.7772       2006.808       7.330079    
        1991           8 csil               450.8959       4782.833       10.60740    
        1991           9 sunf               317.6711       529.0946       1.665542    
        1991          10 trit               284.9640       1377.911       4.835385    
        1991          11 wbar               323.1824       1748.668       5.410777    
        1991          12 tobc               40.64558       171.2298       4.212752    
        1991          13 peas               112.7199       49.33281      0.4376585    
        1991          14 frst              0.0000000E+00  0.0000000E+00  0.0000000E+00
        1991          15 shrb              0.0000000E+00  0.0000000E+00  0.0000000E+00
        1991          16 orcd               52.64540       24.94156      0.4737652    
        1991          17 rnge              0.0000000E+00  0.0000000E+00  0.0000000E+00
        1991          18 wetl              0.0000000E+00  0.0000000E+00  0.0000000E+00
        1992           1 wwht               1557.542       4536.622       2.912681    
        1992           2 sgbt               550.1255       4606.709       8.373924    
        1992           3 swht               494.8597       1744.475       3.525191    
        1992           4 canp               776.3720       1556.725       2.005128    
        1992           5 ryeg               5226.292       6927.041       1.325422    
        1992           6 pota               374.8767       1866.451       4.978838    
        1992           7 corn               542.3795       3095.265       5.706826    
        1992           8 csil               383.9557       2817.146       7.337165    
        1992           9 sunf               136.7057       192.2416       1.406244    
        1992          10 trit               104.7280       434.9093       4.152753    
        1992          11 wbar               445.3706       2557.503       5.742415    
        1992          12 tobc               221.4087       776.6078       3.507576    
        1992          13 peas               88.03792       79.53980      0.9034721    
        1992          14 frst              0.0000000E+00  0.0000000E+00  0.0000000E+00
        1992          15 shrb              0.0000000E+00  0.0000000E+00  0.0000000E+00
        1992          16 orcd               52.64541       26.56976      0.5046928    
        1992          17 rnge              0.0000000E+00  0.0000000E+00  0.0000000E+00
        1992          18 wetl              0.0000000E+00  0.0000000E+00  0.0000000E+00
        1993           1 wwht               1145.338       2896.365       2.528831    
        1993           2 sgbt               509.9287       4683.929       9.185457    
        1993           3 swht               312.3443       1249.831       4.001452    
        1993           4 canp               746.3906       1452.409       1.945910    
        1993           5 ryeg               5384.287       7236.590       1.344020    
        1993           6 pota               184.1270       1173.589       6.373802    
        1993           7 corn               592.5109       4358.144       7.355382    
        1993           8 csil               667.5072       6806.126       10.19633    
        1993           9 sunf               232.4019       389.8460       1.677465    
        1993          10 trit               467.6709       2104.365       4.499671    
        1993          11 wbar               429.4355       2410.450       5.613068    
        1993          12 tobc               45.05592       230.8242       5.123060    
        1993          13 peas               113.0211       150.1913       1.328878    
        1993          14 frst              0.0000000E+00  0.0000000E+00  0.0000000E+00
        1993          15 shrb              0.0000000E+00  0.0000000E+00  0.0000000E+00
        1993          16 orcd               52.64540       28.07194      0.5332268    
        1993          17 rnge              0.0000000E+00  0.0000000E+00  0.0000000E+00
        1993          18 wetl              0.0000000E+00  0.0000000E+00  0.0000000E+00
        1994           1 wwht               1567.988       4945.682       3.154159    
        1994           2 sgbt               691.0306       5414.489       7.835382    
        1994           3 swht               411.2679       1424.542       3.463783    
        1994           4 canp               409.3958       723.6412       1.767583    
        1994           5 ryeg               5787.213       9504.428       1.642315    
        1994           6 pota               434.1715       1635.225       3.766312    
        1994           7 corn               489.3316       1724.399       3.523988    
        1994           8 csil               480.8580       2554.209       5.311773    
        1994           9 sunf               160.0921       184.4617       1.152223    
        1994          10 trit               31.29419       139.8223       4.467994    
        1994          11 wbar               343.4803       1536.596       4.473608    
        1994          12 tobc               80.44727       219.8715       2.733114    
        1994          13 peas               58.63637       54.60220      0.9312001    
        1994          14 frst              0.0000000E+00  0.0000000E+00  0.0000000E+00
        1994          15 shrb              0.0000000E+00  0.0000000E+00  0.0000000E+00
        1994          16 orcd               52.64541       28.28134      0.5372043    
        1994          17 rnge              0.0000000E+00  0.0000000E+00  0.0000000E+00
        1994          18 wetl              0.0000000E+00  0.0000000E+00  0.0000000E+00
        1995           1 wwht               1566.629       3387.102       2.162032    
        1995           2 sgbt               625.5576       5401.678       8.634982    
        1995           3 swht               381.6376       1356.163       3.553536    
        1995           4 canp               947.0258       1641.396       1.733212    
        1995           5 ryeg               4946.831       6320.852       1.277758    
        1995           6 pota               326.1159       1253.276       3.843037    
        1995           7 corn               326.4518       1356.168       4.154267    
        1995           8 csil               510.6786       2647.126       5.183546    
        1995           9 sunf               212.5199       218.2075       1.026763    
        1995          10 trit               36.46171       158.8266       4.355984    
        1995          11 wbar               348.0824       1880.267       5.401787    
        1995          12 tobc               48.65014       101.7564       2.091595    
        1995          13 peas               130.7364       87.84856      0.6719519    
        1995          14 frst              0.0000000E+00  0.0000000E+00  0.0000000E+00
        1995          15 shrb              0.0000000E+00  0.0000000E+00  0.0000000E+00
        1995          16 orcd               52.64542       29.13916      0.5534985    
        1995          17 rnge              0.0000000E+00  0.0000000E+00  0.0000000E+00
        1995          18 wetl              0.0000000E+00  0.0000000E+00  0.0000000E+00
        1996           1 wwht               1293.121       3228.958       2.497027    
        1996           2 sgbt               505.2035       5320.274       10.53095    
        1996           3 swht               102.7918       434.3011       4.225054    
        1996           4 canp               503.2204       1060.670       2.107764    
        1996           5 ryeg               5118.934       6041.691       1.180264    
        1996           6 pota               476.8574       3373.178       7.073767    
        1996           7 corn               633.8107       4763.420       7.515526    
        1996           8 csil               491.2383       5629.864       11.46056    
        1996           9 sunf               295.5510       547.3843       1.852081    
        1996          10 trit               573.0238       2812.298       4.907820    
        1996          11 wbar               414.9905       2473.249       5.959773    
        1996          12 tobc               171.2441       649.9743       3.795601    
        1996          13 peas               123.9298       131.2189       1.058816    
        1996          14 frst              0.0000000E+00  0.0000000E+00  0.0000000E+00
        1996          15 shrb              0.0000000E+00  0.0000000E+00  0.0000000E+00
        1996          16 orcd               52.64541       28.71249      0.5453939    
        1996          17 rnge              0.0000000E+00  0.0000000E+00  0.0000000E+00
        1996          18 wetl              0.0000000E+00  0.0000000E+00  0.0000000E+00
        1997           1 wwht               1574.615       5235.891       3.325188    
        1997           2 sgbt               529.2639       5042.939       9.528214    
        1997           3 swht               443.5867       1734.100       3.909270    
        1997           4 canp               399.2734       981.3046       2.457726    
        1997           5 ryeg               6355.006       11752.32       1.849301    
        1997           6 pota               604.4192       3482.785       5.762201    
        1997           7 corn               531.1606       3852.761       7.253476    
        1997           8 csil               226.7664       2238.713       9.872330    
        1997           9 sunf               213.2857       358.1204       1.679064    
        1997          10 trit               102.0391       547.3358       5.363980    
        1997          11 wbar               41.08719       264.2333       6.431038    
        1997          12 tobc               145.8562       364.3554       2.498046    
        1997          13 peas               156.7858       179.2293       1.143147    
        1997          14 frst              0.0000000E+00  0.0000000E+00  0.0000000E+00
        1997          15 shrb              0.0000000E+00  0.0000000E+00  0.0000000E+00
        1997          16 orcd               52.64541       27.02460      0.5133325    
        1997          17 rnge              0.0000000E+00  0.0000000E+00  0.0000000E+00
        1997          18 wetl              0.0000000E+00  0.0000000E+00  0.0000000E+00
        1998           1 wwht               1272.272       3646.937       2.866475    
        1998           2 sgbt               676.1635       5960.296       8.814874    
        1998           3 swht               250.9162       1037.037       4.133002    
        1998           4 canp               567.8541       1333.470       2.348262    
        1998           5 ryeg               6472.157       10615.96       1.640250    
        1998           6 pota               400.6241       2636.728       6.581551    
        1998           7 corn               315.9281       2289.887       7.248127    
        1998           8 csil               492.6740       5175.689       10.50530    
        1998           9 sunf               358.9000       560.4176       1.561487    
        1998          10 trit               66.93862       324.5907       4.849080    
        1998          11 wbar               531.7072       3364.434       6.327608    
        1998          12 tobc               4.962060       28.06230       5.655372    
        1998          13 peas               73.89433       101.2481       1.370174    
        1998          14 frst              0.0000000E+00  0.0000000E+00  0.0000000E+00
        1998          15 shrb              0.0000000E+00  0.0000000E+00  0.0000000E+00
        1998          16 orcd               52.64542       25.64052      0.4870419    
        1998          17 rnge              0.0000000E+00  0.0000000E+00  0.0000000E+00
        1998          18 wetl              0.0000000E+00  0.0000000E+00  0.0000000E+00
        1999           1 wwht               1658.789       3957.285       2.385648    
        1999           2 sgbt               559.1617       4404.763       7.877441    
        1999           3 swht               633.2724       2054.898       3.244889    
        1999           4 canp               650.7924       1066.124       1.638193    
        1999           5 ryeg               5321.022       7061.145       1.327028    
        1999           6 pota               394.4653       1931.422       4.896305    
        1999           7 corn               241.8571       1274.130       5.268108    
        1999           8 csil               357.3806       2706.000       7.571759    
        1999           9 sunf               319.5801       380.4115       1.190348    
        1999          10 trit               252.0914       1029.605       4.084255    
        1999          11 wbar               210.0760       1240.810       5.906479    
        1999          12 tobc               110.9664       363.8629       3.279037    
        1999          13 peas               95.52928       94.75858      0.9919323    
        1999          14 frst              0.0000000E+00  0.0000000E+00  0.0000000E+00
        1999          15 shrb              0.0000000E+00  0.0000000E+00  0.0000000E+00
        1999          16 orcd               52.64542       22.12564      0.4202767    
        1999          17 rnge              0.0000000E+00  0.0000000E+00  0.0000000E+00
        1999          18 wetl              0.0000000E+00  0.0000000E+00  0.0000000E+00
        2000           1 wwht               1417.017       4501.777       3.176940    
        2000           2 sgbt               453.6440       4212.587       9.286108    
        2000           3 swht               575.0447       2419.159       4.206906    
        2000           4 canp               734.0698       1323.496       1.802957    
        2000           5 ryeg               4277.901       5263.385       1.230366    
        2000           6 pota               285.2832       1800.608       6.311651    
        2000           7 corn               737.0197       5401.326       7.328605    
        2000           8 csil               369.0595       3831.390       10.38150    
        2000           9 sunf               91.46622       155.8822       1.704259    
        2000          10 trit               284.7143       1318.309       4.630285    
        2000          11 wbar               566.6113       3234.766       5.708969    
        2000          12 tobc               64.74519       292.9842       4.525188    
        2000          13 peas               119.5093       176.3032       1.475226    
        2000          14 frst              0.0000000E+00  0.0000000E+00  0.0000000E+00
        2000          15 shrb              0.0000000E+00  0.0000000E+00  0.0000000E+00
        2000          16 orcd               52.64542       19.02480      0.3613762    
        2000          17 rnge              0.0000000E+00  0.0000000E+00  0.0000000E+00
        2000          18 wetl              0.0000000E+00  0.0000000E+00  0.0000000E+00
        2001           1 wwht               1013.691       1498.964       1.478719    
        2001           2 sgbt               592.7312       4927.946       8.313965    
        2001           3 swht               257.2805       692.1257       2.690160    
        2001           4 canp               778.4540       931.4498       1.196538    
        2001           5 ryeg               5363.284       7788.635       1.452214    
        2001           6 pota               369.9313       2066.766       5.586891    
        2001           7 corn               559.5387       3662.360       6.545321    
        2001           8 csil               794.0569       6531.537       8.225528    
        2001           9 sunf               190.8770       261.5139       1.370065    
        2001          10 trit               231.1199       852.8417       3.690040    
        2001          11 wbar               477.8074       2152.065       4.504044    
        2001          12 tobc               138.6562       595.5512       4.295166    
        2001          13 peas               94.55956       114.4911       1.210782    
        2001          14 frst              0.0000000E+00  0.0000000E+00  0.0000000E+00
        2001          15 shrb              0.0000000E+00  0.0000000E+00  0.0000000E+00
        2001          16 orcd               52.64540       20.05770      0.3809963    
        2001          17 rnge              0.0000000E+00  0.0000000E+00  0.0000000E+00
        2001          18 wetl              0.0000000E+00  0.0000000E+00  0.0000000E+00
        2002           1 wwht               1906.887       6367.082       3.338992    
        2002           2 sgbt               669.8383       5967.499       8.908865    
        2002           3 swht               491.5318       1767.549       3.596001    
        2002           4 canp               443.8744       776.9915       1.750476    
        2002           5 ryeg               6030.703       10549.87       1.749361    
        2002           6 pota               144.9137       586.9055       4.050035    
        2002           7 corn               407.0324       1845.848       4.534893    
        2002           8 csil               500.5908       3875.244       7.741341    
        2002           9 sunf               93.33488       105.7312       1.132815    
        2002          10 trit               107.9528       491.9682       4.557254    
        2002          11 wbar               296.0445       1732.267       5.851375    
        2002          12 tobc               70.99542       203.2714       2.863162    
        2002          13 peas               33.50028       36.85186       1.100046    
        2002          14 frst              0.0000000E+00  0.0000000E+00  0.0000000E+00
        2002          15 shrb              0.0000000E+00  0.0000000E+00  0.0000000E+00
        2002          16 orcd               52.64541       21.98058      0.4175213    
        2002          17 rnge              0.0000000E+00  0.0000000E+00  0.0000000E+00
        2002          18 wetl              0.0000000E+00  0.0000000E+00  0.0000000E+00
        2003           1 wwht               951.0953       2130.508       2.240057    
        2003           2 sgbt               631.6898       4702.186       7.443821    
        2003           3 swht               284.1020       1112.047       3.914252    
        2003           4 canp               909.5962       1752.191       1.926340    
        2003           5 ryeg               5662.200       9889.859       1.746646    
        2003           6 pota               304.6170       1642.559       5.392210    
        2003           7 corn               528.5379       3447.890       6.523449    
        2003           8 csil               491.6941       4872.668       9.909959    
        2003           9 sunf               269.2508       315.3600       1.171250    
        2003          10 trit               215.0842       819.7913       3.811490    
        2003          11 wbar               412.7880       1987.157       4.813990    
        2003          12 tobc               133.3531       787.7713       5.907411    
        2003          13 peas               99.60561       91.09534      0.9145603    
        2003          14 frst              0.0000000E+00  0.0000000E+00  0.0000000E+00
        2003          15 shrb              0.0000000E+00  0.0000000E+00  0.0000000E+00
        2003          16 orcd               52.64542       22.65868      0.4304017    
        2003          17 rnge              0.0000000E+00  0.0000000E+00  0.0000000E+00
        2003          18 wetl              0.0000000E+00  0.0000000E+00  0.0000000E+00
        2004           1 wwht               1558.887       2944.416       1.888793    
        2004           2 sgbt               368.6083       3553.416       9.640085    
        2004           3 swht               208.9645       793.9384       3.799394    
        2004           4 canp               367.1037       913.0989       2.487305    
        2004           5 ryeg               5591.482       7583.777       1.356309    
        2004           6 pota               843.7447       5762.483       6.829653    
        2004           7 corn               354.5062       2546.394       7.182930    
        2004           8 csil               390.1111       4271.469       10.94937    
        2004           9 sunf               344.0142       564.8304       1.641881    
        2004          10 trit               304.2960       1483.805       4.876189    
        2004          11 wbar               127.4980       730.7914       5.731786    
        2004          12 tobc               137.8907       500.7104       3.631214    
        2004          13 peas               232.2616       223.7441      0.9633280    
        2004          14 frst              0.0000000E+00  0.0000000E+00  0.0000000E+00
        2004          15 shrb              0.0000000E+00  0.0000000E+00  0.0000000E+00
        2004          16 orcd               52.64542       25.03115      0.4754668    
        2004          17 rnge              0.0000000E+00  0.0000000E+00  0.0000000E+00
        2004          18 wetl              0.0000000E+00  0.0000000E+00  0.0000000E+00
        2005           1 wwht               1731.958       3683.083       2.126543    
        2005           2 sgbt               596.8807       4708.015       7.887698    
        2005           3 swht               273.6123       796.1411       2.909742    
        2005           4 canp               475.0552       792.3441       1.667899    
        2005           5 ryeg               5881.917       8901.284       1.513330    
        2005           6 pota               487.6548       2710.817       5.558886    
        2005           7 corn               474.8220       3064.230       6.453430    
        2005           8 csil               310.3566       3035.361       9.780235    
        2005           9 sunf               259.7043       273.0360       1.051334    
        2005          10 trit               207.8273       826.1816       3.975327    
        2005          11 wbar               254.8038       1485.031       5.828133    
        2005          12 tobc               62.62246       264.3876       4.221930    
        2005          13 peas               108.9016       133.5807       1.226619    
        2005          14 frst              0.0000000E+00  0.0000000E+00  0.0000000E+00
        2005          15 shrb              0.0000000E+00  0.0000000E+00  0.0000000E+00
        2005          16 orcd               52.64541       26.19267      0.4975299    
        2005          17 rnge              0.0000000E+00  0.0000000E+00  0.0000000E+00
        2005          18 wetl              0.0000000E+00  0.0000000E+00  0.0000000E+00
        2006           1 wwht               1598.076       1832.258       1.146540    
        2006           2 sgbt               808.2698       5661.182       7.004075    
        2006           3 swht               349.2359       772.2827       2.211350    
        2006           4 canp               557.0341       760.3412       1.364982    
        2006           5 ryeg               5560.507       7647.151       1.375261    
        2006           6 pota               377.5394       1662.249       4.402849    
        2006           7 corn               365.4265       2047.385       5.602727    
        2006           8 csil               394.9120       2941.781       7.449207    
        2006           9 sunf               320.7925       323.6099       1.008783    
        2006          10 trit               68.10786       216.4401       3.177902    
        2006          11 wbar               434.4550       2472.722       5.691549    
        2006          12 tobc               109.3614       414.3304       3.788634    
        2006          13 peas               56.70374       55.65093      0.9814332    
        2006          14 frst              0.0000000E+00  0.0000000E+00  0.0000000E+00
        2006          15 shrb              0.0000000E+00  0.0000000E+00  0.0000000E+00
        2006          16 orcd               52.64540       25.59565      0.4861897    
        2006          17 rnge              0.0000000E+00  0.0000000E+00  0.0000000E+00
        2006          18 wetl              0.0000000E+00  0.0000000E+00  0.0000000E+00
        2007           1 wwht               1203.293       3360.984       2.793155    
        2007           2 sgbt               492.9753       4152.762       8.423874    
        2007           3 swht               662.7537       2907.166       4.386495    
        2007           4 canp               827.2214       1402.594       1.695548    
        2007           5 ryeg               4879.247       6519.953       1.336262    
        2007           6 pota               288.3862       1693.449       5.872158    
        2007           7 corn               418.8440       2612.212       6.236720    
        2007           8 csil               470.0012       4040.407       8.596590    
        2007           9 sunf               314.3569       463.7611       1.475270    
        2007          10 trit               392.2267       1875.163       4.780815    
        2007          11 wbar               315.4626       2038.766       6.462783    
        2007          12 tobc               38.45127       135.8920       3.534136    
        2007          13 peas               127.0007       189.5910       1.492834    
        2007          14 frst              0.0000000E+00  0.0000000E+00  0.0000000E+00
        2007          15 shrb              0.0000000E+00  0.0000000E+00  0.0000000E+00
        2007          16 orcd               52.64541       26.63781      0.5059854    
        2007          17 rnge              0.0000000E+00  0.0000000E+00  0.0000000E+00
        2007          18 wetl              0.0000000E+00  0.0000000E+00  0.0000000E+00
        2008           1 wwht               1444.529       3919.281       2.713189    
        2008           2 sgbt               358.7954       2931.722       8.171013    
        2008           3 swht               457.9405       1391.727       3.039099    
        2008           4 canp               673.4479       1194.675       1.773968    
        2008           5 ryeg               5210.563       7069.640       1.356790    
        2008           6 pota               462.5900       2786.149       6.022935    
        2008           7 corn               721.7615       5289.232       7.328227    
        2008           8 csil               358.9928       3824.920       10.65458    
        2008           9 sunf               79.83590       120.7675       1.512696    
        2008          10 trit               105.1314       440.2715       4.187821    
        2008          11 wbar               599.1292       3628.028       6.055502    
        2008          12 tobc               74.19704       336.6325       4.537007    
        2008          13 peas               101.0478       111.2769       1.101231    
        2008          14 frst              0.0000000E+00  0.0000000E+00  0.0000000E+00
        2008          15 shrb              0.0000000E+00  0.0000000E+00  0.0000000E+00
        2008          16 orcd               52.64541       27.13306      0.5153928    
        2008          17 rnge              0.0000000E+00  0.0000000E+00  0.0000000E+00
        2008          18 wetl              0.0000000E+00  0.0000000E+00  0.0000000E+00
        2009           1 wwht               1308.153       3702.142       2.830052    
        2009           2 sgbt               756.3600       6949.556       9.188159    
        2009           3 swht               399.5233       1842.322       4.611300    
        2009           4 canp               715.3224       1568.089       2.192142    
        2009           5 ryeg               5347.648       7960.147       1.488532    
        2009           6 pota               105.3466       845.4276       8.025204    
        2009           7 corn               468.9451       3409.531       7.270641    
        2009           8 csil               700.5452       7781.494       11.10777    
        2009           9 sunf               115.8284       162.0404       1.398969    
        2009          10 trit               253.7150       1179.527       4.649026    
        2009          11 wbar               449.0155       2586.825       5.761103    
        2009          12 tobc               45.05592       257.0135       5.704322    
        2009          13 peas               87.70885       147.9396       1.686712    
        2009          14 frst              0.0000000E+00  0.0000000E+00  0.0000000E+00
        2009          15 shrb              0.0000000E+00  0.0000000E+00  0.0000000E+00
        2009          16 orcd               52.64540       28.28442      0.5372628    
        2009          17 rnge              0.0000000E+00  0.0000000E+00  0.0000000E+00
        2009          18 wetl              0.0000000E+00  0.0000000E+00  0.0000000E+00
        2010           1 wwht               1261.427       1770.705       1.403731    
        2010           2 sgbt               636.2332       4585.902       7.207894    
        2010           3 swht               404.0437       1178.738       2.917352    
        2010           4 canp               436.6605       971.3185       2.224425    
        2010           5 ryeg               5951.585       9478.330       1.592572    
        2010           6 pota               289.3498       1807.086       6.245334    
        2010           7 corn               616.5107       4249.662       6.893087    
        2010           8 csil               599.8839       5935.225       9.893957    
        2010           9 sunf               98.56794       108.1417       1.097128    
        2010          10 trit               206.8692       807.9433       3.905576    
        2010          11 wbar               360.9454       1938.122       5.369571    
        2010          12 tobc               239.8467       1028.183       4.286832    
        2010          13 peas               26.61652       31.49860       1.183423    
        2010          14 frst              0.0000000E+00  0.0000000E+00  0.0000000E+00
        2010          15 shrb              0.0000000E+00  0.0000000E+00  0.0000000E+00
        2010          16 orcd               52.64541       24.62070      0.4676704    
        2010          17 rnge              0.0000000E+00  0.0000000E+00  0.0000000E+00
        2010          18 wetl              0.0000000E+00  0.0000000E+00  0.0000000E+00
        2011           1 wwht               1363.183       5121.833       3.757260    
        2011           2 sgbt               454.7253       4364.737       9.598624    
        2011           3 swht               349.1048       1680.988       4.815138    
        2011           4 canp               716.2294       1474.699       2.058975    
        2011           5 ryeg               6161.612       11543.34       1.873429    
        2011           6 pota               454.3282       3546.863       7.806830    
        2011           7 corn               335.3314       2622.090       7.819399    
        2011           8 csil               408.0990       4738.184       11.61038    
        2011           9 sunf               326.0054       553.6407       1.698256    
        2011          10 trit               199.6577       1034.148       5.179602    
        2011          11 wbar               119.5204       747.3248       6.252697    
        2011          12 tobc               145.3593       723.6740       4.978518    
        2011          13 peas               149.3249       296.3035       1.984287    
        2011          14 frst              0.0000000E+00  0.0000000E+00  0.0000000E+00
        2011          15 shrb              0.0000000E+00  0.0000000E+00  0.0000000E+00
        2011          16 orcd               52.64541       27.03114      0.5134567    
        2011          17 rnge              0.0000000E+00  0.0000000E+00  0.0000000E+00
        2011          18 wetl              0.0000000E+00  0.0000000E+00  0.0000000E+00
        2012           1 wwht               1464.612       5116.856       3.493659    
        2012           2 sgbt               516.2049       5087.663       9.855898    
        2012           3 swht               143.1593       651.4015       4.550188    
        2012           4 canp               509.8226       1201.510       2.356722    
        2012           5 ryeg               6035.511       9644.847       1.598017    
        2012           6 pota               635.7537       4086.202       6.427335    
        2012           7 corn               332.6486       2466.601       7.415036    
        2012           8 csil               465.9535       5090.930       10.92583    
        2012           9 sunf               412.0360       624.5245       1.515704    
        2012          10 trit               225.1855       1145.296       5.086010    
        2012          11 wbar               341.0192       2352.645       6.898865    
        2012          12 tobc               43.37572       188.9999       4.357273    
        2012          13 peas               157.9250       245.6501       1.555485    
        2012          14 frst              0.0000000E+00  0.0000000E+00  0.0000000E+00
        2012          15 shrb              0.0000000E+00  0.0000000E+00  0.0000000E+00
        2012          16 orcd               52.64540       18.27404      0.3471156    
        2012          17 rnge              0.0000000E+00  0.0000000E+00  0.0000000E+00
        2012          18 wetl              0.0000000E+00  0.0000000E+00  0.0000000E+00
        2013           1 wwht               2047.531       3010.621       1.470367    
        2013           2 sgbt               614.0995       4537.936       7.389577    
        2013           3 swht               342.3032       910.7866       2.660760    
        2013           4 canp               532.7394       849.3828       1.594368    
        2013           5 ryeg               5542.821       7270.270       1.311655    
        2013           6 pota               593.9481       2862.240       4.819008    
        2013           7 corn               349.8875       1484.877       4.243871    
        2013           8 csil               217.5134       1681.865       7.732235    
        2013           9 sunf               261.6133       250.5608      0.9577526    
        2013          10 trit               46.70552       156.3267       3.347071    
        2013          11 wbar               160.5367       684.2632       4.262347    
        2013          12 tobc               87.58349       282.2041       3.222115    
        2013          13 peas               132.0381       71.39854      0.5407419    
        2013          14 frst              0.0000000E+00  0.0000000E+00  0.0000000E+00
        2013          15 shrb              0.0000000E+00  0.0000000E+00  0.0000000E+00
        2013          16 orcd               52.64540       19.81954      0.3764724    
        2013          17 rnge              0.0000000E+00  0.0000000E+00  0.0000000E+00
        2013          18 wetl              0.0000000E+00  0.0000000E+00  0.0000000E+00
        2014           1 wwht               1353.565       3986.250       2.945002    
        2014           2 sgbt               674.8500       6795.896       10.07023    
        2014           3 swht               326.6443       1533.049       4.693328    
        2014           4 canp               717.2796       1476.039       2.057830    
        2014           5 ryeg               4218.033       5989.393       1.419949    
        2014           6 pota               256.3149       1850.889       7.221154    
        2014           7 corn               515.6913       3795.709       7.360427    
        2014           8 csil               501.1420       5187.527       10.35141    
        2014           9 sunf               275.5531       434.8271       1.578016    
        2014          10 trit               384.7426       1878.808       4.883286    
        2014          11 wbar               539.8416       3515.660       6.512392    
        2014          12 tobc               48.12753       194.0353       4.031691    
        2014          13 peas               90.38044       165.8847       1.835405    
        2014          14 frst              0.0000000E+00  0.0000000E+00  0.0000000E+00
        2014          15 shrb              0.0000000E+00  0.0000000E+00  0.0000000E+00
        2014          16 orcd               52.64542       22.35880      0.4247056    
        2014          17 rnge              0.0000000E+00  0.0000000E+00  0.0000000E+00
        2014          18 wetl              0.0000000E+00  0.0000000E+00  0.0000000E+00
        2015           1 wwht               1365.526       3064.415       2.244128    
        2015           2 sgbt               542.9099       4477.930       8.248017    
        2015           3 swht               605.0689       2205.428       3.644920    
        2015           4 canp               645.9406       1144.210       1.771386    
        2015           5 ryeg               4789.396       6241.660       1.303225    
        2015           6 pota               494.2373       2991.680       6.053124    
        2015           7 corn               485.0039       2650.760       5.465441    
        2015           8 csil               455.6885       4010.345       8.800629    
        2015           9 sunf               262.7103       285.1045       1.085243    
        2015          10 trit               246.6858       1129.968       4.580596    
        2015          11 wbar               363.8344       1997.566       5.490318    
        2015          12 tobc               81.98167       396.2976       4.833979    
        2015          13 peas               108.5392       148.7182       1.370180    
        2015          14 frst              0.0000000E+00  0.0000000E+00  0.0000000E+00
        2015          15 shrb              0.0000000E+00  0.0000000E+00  0.0000000E+00
        2015          16 orcd               52.64542       20.11352      0.3820564    
        2015          17 rnge              0.0000000E+00  0.0000000E+00  0.0000000E+00
        2015          18 wetl              0.0000000E+00  0.0000000E+00  0.0000000E+00
        2016           1 wwht               1424.021       3623.339       2.544443    
        2016           2 sgbt               552.7196       3598.981       6.511405    
        2016           3 swht               549.4794       1627.488       2.961873    
        2016           4 canp               829.0475       1422.265       1.715541    
        2016           5 ryeg               5647.630       8196.812       1.451372    
        2016           6 pota               181.5198       630.5478       3.473714    
        2016           7 corn               613.5143       2285.650       3.725504    
        2016           8 csil               392.9980       2021.437       5.143631    
        2016           9 sunf               44.80363       45.81178       1.022502    
        2016          10 trit               87.87547       312.6573       3.557959    
        2016          11 wbar               554.4833       3143.547       5.669328    
        2016          12 tobc               64.74520       159.5971       2.465003    
        2016          13 peas               94.19711       62.38807      0.6623141    
        2016          14 frst              0.0000000E+00  0.0000000E+00  0.0000000E+00
        2016          15 shrb              0.0000000E+00  0.0000000E+00  0.0000000E+00
        2016          16 orcd               52.64541       21.68939      0.4119902    
        2016          17 rnge              0.0000000E+00  0.0000000E+00  0.0000000E+00
        2016          18 wetl              0.0000000E+00  0.0000000E+00  0.0000000E+00
        2017           1 wwht               1218.089       3962.440       3.252998    
        2017           2 sgbt               636.8441       5900.761       9.265629    
        2017           3 swht               349.7936       1626.619       4.650226    
        2017           4 canp               751.6364       1819.185       2.420299    
        2017           5 ryeg               5554.442       10023.38       1.804570    
        2017           6 pota               124.6339       716.8752       5.751847    
        2017           7 corn               525.5803       3372.175       6.416099    
        2017           8 csil               660.3167       6463.995       9.789234    
        2017           9 sunf               115.8284       143.5503       1.239336    
        2017          10 trit               219.6730       1072.095       4.880414    
        2017          11 wbar               428.0698       2708.830       6.328011    
        2017          12 tobc               57.38295       348.6598       6.076016    
        2017          13 peas               87.70889       121.0154       1.379739    
        2017          14 frst              0.0000000E+00  0.0000000E+00  0.0000000E+00
        2017          15 shrb              0.0000000E+00  0.0000000E+00  0.0000000E+00
        2017          16 orcd               52.64541       23.39223      0.4443356    
        2017          17 rnge              0.0000000E+00  0.0000000E+00  0.0000000E+00
        2017          18 wetl              0.0000000E+00  0.0000000E+00  0.0000000E+00
        2018           1 wwht               1410.865       4056.063       2.874877    
        2018           2 sgbt               690.2090       6724.006       9.741985    
        2018           3 swht               442.9050       2063.771       4.659624    
        2018           4 canp               265.9595       542.4340       2.039536    
        2018           5 ryeg               5960.601       10502.98       1.762068    
        2018           6 pota               272.6418       1773.104       6.503419    
        2018           7 corn               496.6176       3394.760       6.835763    
        2018           8 csil               486.5615       4350.314       8.940933    
        2018           9 sunf               80.50986       118.4587       1.471356    
        2018          10 trit               243.8156       1246.506       5.112493    
        2018          11 wbar               376.7995       2487.184       6.600816    
        2018          12 tobc               147.1776       877.0435       5.959085    
        2018          13 peas               42.66183       72.32584       1.695329    
        2018          14 frst              0.0000000E+00  0.0000000E+00  0.0000000E+00
        2018          15 shrb              0.0000000E+00  0.0000000E+00  0.0000000E+00
        2018          16 orcd               52.64541       25.27061      0.4800154    
        2018          17 rnge              0.0000000E+00  0.0000000E+00  0.0000000E+00
        2018          18 wetl              0.0000000E+00  0.0000000E+00  0.0000000E+00
        2019           1 wwht               1093.930       3190.635       2.916673    
        2019           2 sgbt               508.6239       4458.782       8.766363    
        2019           3 swht               380.6207       1629.635       4.281520    
        2019           4 canp               845.2297       1883.432       2.228308    
        2019           5 ryeg               6071.766       11422.81       1.881299    
        2019           6 pota               356.5760       2071.978       5.810759    
        2019           7 corn               394.7150       2885.550       7.310463    
        2019           8 csil               547.9899       5565.705       10.15658    
        2019           9 sunf               314.1603       405.6057       1.291079    
        2019          10 trit               103.1143       550.7477       5.341138    
        2019          11 wbar               119.5204       747.8721       6.257276    
        2019          12 tobc               238.0286       1068.232       4.487830    
        2019          13 peas               133.2796       143.8999       1.079685    
        2019          14 frst              0.0000000E+00  0.0000000E+00  0.0000000E+00
        2019          15 shrb              0.0000000E+00  0.0000000E+00  0.0000000E+00
        2019          16 orcd               52.64541       26.15973      0.4969044    
        2019          17 rnge              0.0000000E+00  0.0000000E+00  0.0000000E+00
        2019          18 wetl              0.0000000E+00  0.0000000E+00  0.0000000E+00
        2020           1 wwht               1622.748       5240.275       3.229259    
        2020           2 sgbt               391.3069       4043.656       10.33372    
        2020           3 swht               109.8018       540.1442       4.919267    
        2020           4 canp               436.7324       925.6239       2.119431    
        2020           5 ryeg               6099.571       10163.74       1.666304    
        2020           6 pota               696.1003       5318.141       7.639905    
        2020           7 corn               350.7191       2523.461       7.195104    
        2020           8 csil               439.9479       4231.376       9.617902    
        2020           9 sunf               394.6014       623.7112       1.580611    
        2020          10 trit               321.7290       1678.195       5.216177    
        2020          11 wbar               270.6951       1824.711       6.740836    
        2020          12 tobc               43.37572       240.0242       5.533607    
        2020          13 peas               139.6396       285.7423       2.046284    
        2020          14 frst              0.0000000E+00  0.0000000E+00  0.0000000E+00
        2020          15 shrb              0.0000000E+00  0.0000000E+00  0.0000000E+00
        2020          16 orcd               52.64540       25.84933      0.4910083    
        2020          17 rnge              0.0000000E+00  0.0000000E+00  0.0000000E+00
        2020          18 wetl              0.0000000E+00  0.0000000E+00  0.0000000E+00
