date	value
20130115	0.58
20130116	0.65
20130117	0.61
20130118	0.61
20130119	0.62
20130120	0.61
20130121	0.58
20130122	0.59
20130123	0.57
20130124	0.54
20130125	0.53
20130126	0.53
20130127	0.52
20130128	0.88
20130129	0.94
20130130	1.52
20130131	1.25
20130201	1.65
20130202	3.78
20130203	1.42
20130204	1.18
20130205	1.44
20130206	1.51
20130207	1.19
20130208	1.07
20130209	0.98
20130210	0.92
20130211	0.91
20130212	0.86
20130213	0.81
20130214	0.78
20130215	0.78
20130216	0.79
20130217	0.78
20130218	0.76
20130219	0.74
20130220	0.75
20130221	0.74
20130222	0.71
20130223	0.69
20130224	0.65
20130225	0.65
20130226	0.63
20130227	0.62
20130228	0.63
20130301	0.64
20130302	0.61
20130303	0.61
20130304	0.62
20130305	0.63
20130306	0.67
20130307	0.78
20130308	0.91
20130309	0.81
20130310	0.73
20130311	0.80
20130312	0.80
20130313	0.80
20130314	0.81
20130315	0.81
20130316	0.81
20130317	0.81
20130318	0.81
20130319	0.81
20130320	0.82
20130321	0.82
20130322	0.82
20130323	0.82
20130324	0.82
20130325	0.82
20130326	0.82
20130327	0.83
20130328	0.83
20130329	0.83
20130330	0.83
20130331	0.83
20130401	0.83
20130402	0.84
20130403	0.84
20130404	0.84
20130405	0.84
20130406	0.84
20130407	0.84
20130408	0.85
20130409	0.85
20130410	0.85
20130411	0.85
20130412	0.85
20130413	0.85
20130414	0.86
20130415	0.86
20130416	0.86
20130417	0.86
20130418	0.86
20130419	0.86
20130420	0.87
20130421	0.87
20130422	0.87
20130423	0.84
20130424	0.77
20130425	0.74
20130426	0.73
20130427	0.78
20130428	0.83
20130429	0.72
20130430	0.69
20130501	0.65
20130502	0.68
20130503	0.80
20130504	0.73
20130505	0.67
20130506	0.63
20130507	0.62
20130508	0.62
20130509	0.61
20130510	0.61
20130511	0.60
20130512	0.60
20130513	0.60
20130514	0.59
20130515	0.59
20130516	0.58
20130517	0.58
20130518	0.57
20130519	0.57
20130520	0.57
20130521	0.56
20130522	0.56
20130523	0.55
20130524	0.55
20130525	0.54
20130526	0.54
20130527	0.54
20130528	0.53
20130529	0.53
20130530	0.52
20130531	0.52
20130601	0.52
20130602	0.51
20130603	0.51
20130604	0.50
20130605	0.50
20130606	0.50
20130607	0.49
20130608	0.49
20130609	0.48
20130610	0.48
20130611	0.48
20130612	0.47
20130613	0.47
20130614	0.46
20130615	0.46
20130616	0.46
20130617	0.45
20130618	0.45
20130619	0.44
20130620	0.44
20130621	0.44
20130622	0.43
20130623	0.43
20130624	0.43
20130625	0.42
20130626	0.42
20130627	0.41
20130628	0.41
20130629	0.41
20130630	0.40
20130701	0.40
20130702	0.40
20130703	0.39
20130704	0.39
20130705	0.38
20130706	0.38
20130707	0.38
20130708	0.37
20130709	0.37
20130710	0.37
20130711	0.36
20130712	0.36
20130713	0.36
20130714	0.35
20130715	0.35
20130716	0.35
20130717	0.34
20130718	0.34
20130719	0.34
20130720	0.33
20130721	0.33
20130722	0.33
20130723	0.32
20130724	0.58
20130725	0.31
20130726	0.29
20130727	0.28
20130728	0.30
20130729	2.30
20130730	0.62
20130731	0.42
20130801	0.37
20130802	0.34
20130803	0.31
20130804	0.47
20130805	0.32
20130806	0.31
20130807	0.54
20130808	0.54
20130809	0.44
20130810	0.42
20130811	0.40
20130812	0.39
20130813	0.37
20130814	0.35
20130815	0.34
20130816	0.32
20130817	0.31
20130818	0.29
20130819	0.27
20130820	0.25
20130821	0.25
20130822	0.24
20130823	0.24
20130824	0.52
20130825	0.58
20130826	0.30
20130827	0.30
20130828	0.27
20130829	0.26
20130830	0.25
20130831	0.25
20130901	0.24
20130902	0.25
20130903	0.24
20130904	0.24
20130905	0.24
20130906	0.23
20130907	0.31
20130908	0.79
20130909	0.53
20130910	0.33
20130911	0.30
20130912	0.28
20130913	0.27
20130914	0.26
20130915	0.37
20130916	0.32
20130917	0.34
20130918	0.47
20130919	0.38
20130920	0.31
20130921	0.29
20130922	0.28
20130923	0.27
20130924	0.26
20130925	0.26
20130926	0.25
20130927	0.26
20130928	0.26
20130929	0.27
20130930	0.33
20131001	0.26
20131002	0.26
20131003	0.26
20131004	0.27
20131005	0.44
20131006	0.28
20131007	0.26
20131008	0.26
20131009	0.26
20131010	0.49
20131011	0.40
20131012	0.45
20131013	0.53
20131014	0.42
20131015	0.47
20131016	0.83
20131017	0.48
20131018	0.38
20131019	0.34
20131020	0.32
20131021	0.44
20131022	0.36
20131023	1.19
20131024	0.81
20131025	0.51
20131026	0.42
20131027	1.96
20131028	0.82
20131029	0.97
20131030	0.63
20131031	0.52
20131101	0.46
20131102	0.45
20131103	1.76
20131104	1.45
20131105	1.67
20131106	1.39
20131107	0.90
20131108	0.83
20131109	1.40
20131110	2.00
20131111	1.17
20131112	0.84
20131113	0.70
20131114	0.63
20131115	0.59
20131116	0.54
20131117	0.52
20131118	0.49
20131119	0.50
20131120	0.54
20131121	0.51
20131122	0.54
20131123	0.57
20131124	0.61
20131125	0.52
20131126	0.47
20131127	0.44
20131128	0.42
20131129	0.42
20131130	0.42
20131201	0.38
20131202	0.37
20131203	0.35
20131204	0.35
20131205	0.36
20131206	0.37
20131207	0.35
20131208	0.35
20131209	0.34
20131210	0.32
20131211	0.32
20131212	0.32
20131213	0.32
20131214	0.36
20131215	0.32
20131216	0.32
20131217	0.32
20131218	0.31
20131219	0.55
20131220	1.70
20131221	0.70
20131222	0.56
20131223	0.54
20131224	0.49
20131225	2.46
20131226	2.86
20131227	1.12
20131228	1.44
20131229	1.53
20131230	0.90
20131231	0.73
20140101	0.65
20140102	0.70
20140103	0.69
20140104	2.54
20140105	1.99
20140106	1.08
20140107	0.86
20140108	0.75
20140109	0.67
20140110	0.62
20140111	0.57
20140112	0.53
20140113	0.57
20140114	0.56
20140115	0.52
20140116	0.67
20140117	2.68
20140118	1.14
20140119	0.86
20140120	0.73
20140121	0.65
20140122	0.61
20140123	0.56
20140124	0.65
20140125	0.56
20140126	0.57
20140127	0.73
20140128	0.62
20140129	0.56
20140130	0.53
20140131	0.49
20140201	0.50
20140202	0.58
20140203	0.55
20140204	0.53
20140205	0.67
20140206	0.66
20140207	1.68
20140208	1.29
20140209	1.35
20140210	0.92
20140211	0.91
20140212	0.82
20140213	0.82
20140214	0.81
20140215	0.81
20140216	0.80
20140217	0.79
20140218	0.79
20140219	0.78
20140220	0.78
20140221	0.77
20140222	0.77
20140223	0.76
20140224	0.76
20140225	0.75
20140226	0.75
20140227	0.74
20140228	0.74
20140301	0.73
20140302	0.73
20140303	0.73
20140304	0.72
20140305	0.72
20140306	0.71
20140307	0.71
20140308	0.70
20140309	0.70
20140310	0.69
20140311	0.69
20140312	0.68
20140313	0.68
20140314	0.67
20140315	0.67
20140316	0.66
20140317	0.66
20140318	0.65
20140319	0.65
20140320	0.64
20140321	0.64
20140322	0.63
20140323	0.63
20140324	0.63
20140325	0.62
20140326	0.62
20140327	0.61
20140328	0.61
20140329	0.60
20140330	0.60
20140331	0.59
20140401	0.59
20140402	0.58
20140403	0.58
20140404	0.58
20140405	0.57
20140406	0.57
20140407	0.56
20140408	0.56
20140409	0.55
20140410	0.55
20140411	0.54
20140412	0.54
20140413	0.54
20140414	0.53
20140415	0.53
20140416	0.52
20140417	0.52
20140418	0.51
20140419	0.51
20140420	0.51
20140421	0.50
20140422	0.50
20140423	0.49
20140424	0.49
20140425	0.49
20140426	0.48
20140427	0.48
20140428	0.47
20140429	0.47
20140430	0.46
20140501	0.46
20140502	0.46
20140503	0.45
20140504	0.45
20140505	0.44
20140506	0.44
20140507	0.44
20140508	0.43
20140509	0.43
20140510	0.42
20140511	0.42
20140512	0.42
20140513	0.41
20140514	0.41
20140515	0.40
20140516	0.40
20140517	0.40
20140518	0.39
20140519	0.39
20140520	0.39
20140521	0.38
20140522	0.38
20140523	0.37
20140524	0.37
20140525	0.37
20140526	0.36
20140527	0.36
20140528	0.36
20140529	0.35
20140530	0.35
20140531	0.34
20140601	0.34
20140602	0.34
20140603	0.33
20140604	0.35
20140605	0.36
20140606	0.32
20140607	0.31
20140608	0.29
20140609	0.28
20140610	0.29
20140611	0.32
20140612	0.28
20140613	0.26
20140614	0.26
20140615	0.26
20140616	0.25
20140617	0.24
20140618	0.27
20140619	0.25
20140620	0.24
20140621	0.24
20140622	0.39
20140623	0.31
20140624	0.50
20140625	0.28
20140626	0.26
20140627	0.25
20140628	0.25
20140629	0.39
20140630	0.28
20140701	0.25
20140702	0.51
20140703	0.33
20140704	0.52
20140705	0.71
20140706	0.34
20140707	0.41
20140708	0.62
20140709	0.54
20140710	0.59
20140711	0.43
20140712	0.35
20140713	0.33
20140714	0.33
20140715	0.29
20140716	0.27
20140717	0.26
20140718	0.25
20140719	0.25
20140720	0.34
20140721	0.36
20140722	0.71
20140723	0.38
20140724	0.33
20140725	0.30
20140726	0.30
20140727	0.29
20140728	0.37
20140729	0.62
20140730	0.45
20140731	0.39
20140801	0.34
20140802	0.31
20140803	0.31
20140804	0.33
20140805	0.33
20140806	0.29
20140807	0.28
20140808	0.28
20140809	0.59
20140810	0.42
20140811	0.64
20140812	0.46
20140813	0.49
20140814	0.41
20140815	0.59
20140816	0.56
20140817	0.43
20140818	0.39
20140819	0.36
20140820	0.34
20140821	0.33
20140822	0.35
20140823	0.38
20140824	0.39
20140825	0.35
20140826	0.56
20140827	0.50
20140828	0.37
20140829	0.34
20140830	0.32
20140831	0.31
20140901	0.31
20140902	0.29
20140903	0.29
20140904	0.29
20140905	0.27
20140906	0.27
20140907	0.27
20140908	0.29
20140909	0.26
20140910	0.30
20140911	0.26
20140912	0.26
20140913	0.25
20140914	0.26
20140915	0.25
20140916	0.25
20140917	0.25
20140918	0.25
20140919	0.25
20140920	0.28
20140921	0.28
20140922	0.28
20140923	0.25
20140924	0.25
20140925	0.26
20140926	0.24
20140927	0.24
20140928	0.25
20140929	0.24
20140930	0.25
20141001	0.25
20141002	0.24
20141003	0.24
20141004	0.24
20141005	0.33
20141006	0.28
20141007	0.57
20141008	1.59
20141009	0.48
20141010	0.51
20141011	0.56
20141012	0.46
20141013	0.57
20141014	0.50
20141015	0.44
20141016	0.41
20141017	0.41
20141018	0.37
20141019	0.36
20141020	0.35
20141021	1.25
20141022	0.65
20141023	0.57
20141024	0.49
20141025	0.45
20141026	0.42
20141027	0.40
20141028	0.39
20141029	0.37
20141030	0.36
20141031	0.36
20141101	0.35
20141102	0.34
20141103	0.34
20141104	0.35
20141105	1.05
20141106	0.82
20141107	0.60
20141108	0.53
20141109	0.49
20141110	0.48
20141111	0.46
20141112	0.50
20141113	0.67
20141114	0.53
20141115	1.24
20141116	1.48
20141117	0.97
20141118	0.88
20141119	0.72
20141120	0.62
20141121	0.57
20141122	0.53
20141123	0.50
20141124	0.48
20141125	0.46
20141126	0.44
20141127	0.43
20141128	0.41
20141129	0.40
20141130	0.40
20141201	0.47
20141202	0.42
20141203	0.40
20141204	0.38
20141205	0.37
20141206	0.37
20141207	0.37
20141208	0.37
20141209	0.36
20141210	0.38
20141211	0.40
20141212	0.42
20141213	0.41
20141214	0.40
20141215	0.46
20141216	0.43
20141217	0.56
20141218	0.64
20141219	0.54
20141220	0.54
20141221	0.50
20141222	0.49
20141223	0.45
20141224	0.43
20141225	0.41
20141226	0.41
20141227	0.57
20141228	0.53
20141229	0.47
20141230	0.46
20141231	0.44
20150101	0.43
20150102	0.44
20150103	0.57
20150104	0.84
20150105	0.62
20150106	0.55
20150107	0.49
20150108	0.47
20150109	0.47
20150110	0.48
20150111	0.50
20150112	0.47
20150113	0.47
20150114	0.55
20150115	0.51
20150116	0.69
20150117	1.55
20150118	0.83
20150119	0.68
20150120	0.67
20150121	0.63
20150122	0.61
20150123	0.59
20150124	0.58
20150125	0.58
20150126	0.58
20150127	0.58
20150128	0.55
20150129	0.93
20150130	1.37
20150131	0.93
20150201	0.79
20150202	0.73
20150203	0.70
20150204	0.65
20150205	0.62
20150206	0.59
20150207	0.57
20150208	0.54
20150209	0.53
20150210	0.53
20150211	0.52
20150212	0.51
20150213	0.51
20150214	0.74
20150215	0.85
20150216	0.75
20150217	0.64
20150218	0.60
20150219	0.57
20150220	0.59
20150221	0.82
20150222	0.80
20150223	0.84
20150224	0.97
20150225	0.82
20150226	0.75
20150227	0.73
20150228	0.69
20150301	0.78
20150302	1.88
20150303	1.05
20150304	0.91
20150305	0.80
20150306	0.74
20150307	0.71
20150308	0.67
20150309	0.64
20150310	0.61
20150311	0.59
20150312	0.58
20150313	0.58
20150314	0.56
20150315	0.55
20150316	0.54
20150317	0.54
20150318	0.52
20150319	0.51
20150320	0.50
20150321	0.55
20150322	0.52
20150323	0.50
20150324	0.50
20150325	0.49
20150326	0.48
20150327	0.47
20150328	0.47
20150329	0.51
20150330	1.04
20150331	0.69
20150401	0.60
20150402	0.57
20150403	0.65
20150404	0.70
20150405	0.73
20150406	0.62
20150407	0.56
20150408	0.55
20150409	0.53
20150410	0.51
20150411	0.50
20150412	0.50
20150413	0.48
20150414	0.47
20150415	0.47
20150416	0.47
20150417	0.47
20150418	0.55
20150419	0.46
20150420	0.44
20150421	0.43
20150422	0.43
20150423	0.43
20150424	0.43
20150425	0.42
20150426	0.50
20150427	0.54
20150428	1.04
20150429	0.55
20150430	0.49
20150501	2.12
20150502	2.25
20150503	3.57
20150504	1.97
20150505	1.02
20150506	1.07
20150507	0.85
20150508	0.78
20150509	0.70
20150510	0.65
20150511	0.62
20150512	0.59
20150513	0.58
20150514	0.57
20150515	0.61
20150516	0.55
20150517	0.53
20150518	0.53
20150519	0.50
20150520	0.49
20150521	0.48
20150522	0.48
20150523	0.47
20150524	0.46
20150525	0.45
20150526	0.44
20150527	0.43
20150528	0.42
20150529	0.42
20150530	0.41
20150531	0.39
20150601	0.43
20150602	0.43
20150603	0.35
20150604	0.35
20150605	0.34
20150606	0.40
20150607	0.35
20150608	0.34
20150609	0.35
20150610	0.34
20150611	0.32
20150612	0.31
20150613	0.31
20150614	0.43
20150615	0.72
20150616	0.47
20150617	0.35
20150618	0.33
20150619	0.37
20150620	0.32
20150621	0.32
20150622	0.35
20150623	0.46
20150624	0.35
20150625	0.33
20150626	0.31
20150627	0.30
20150628	0.29
20150629	0.27
20150630	0.27
20150701	0.27
20150702	0.26
20150703	0.25
20150704	0.24
20150705	0.24
20150706	0.24
20150707	0.23
20150708	0.24
20150709	0.23
20150710	0.24
20150711	0.23
20150712	0.22
20150713	0.22
20150714	0.22
20150715	0.21
20150716	0.21
20150717	0.20
20150718	0.24
20150719	0.23
20150720	0.22
20150721	0.22
20150722	0.21
20150723	0.23
20150724	0.22
20150725	0.27
20150726	0.23
20150727	0.28
20150728	0.22
20150729	0.30
20150730	0.25
20150731	0.23
20150801	0.32
20150802	0.28
20150803	0.24
20150804	0.23
20150805	0.22
20150806	0.21
20150807	0.20
20150808	0.20
20150809	0.37
20150810	0.56
20150811	0.26
20150812	0.24
20150813	0.34
20150814	0.44
20150815	0.27
20150816	0.31
20150817	0.25
20150818	0.23
20150819	0.23
20150820	0.23
20150821	0.22
20150822	0.22
20150823	0.23
20150824	0.54
20150825	0.33
20150826	0.25
20150827	0.24
20150828	0.23
20150829	0.23
20150830	0.22
20150831	0.22
20150901	0.22
20150902	0.24
20150903	0.22
20150904	0.22
20150905	0.22
20150906	0.22
20150907	0.26
20150908	0.22
20150909	0.22
20150910	0.22
20150911	0.21
20150912	0.22
20150913	0.25
20150914	0.54
20150915	0.29
20150916	0.25
20150917	0.49
20150918	0.60
20150919	0.32
20150920	0.26
20150921	0.25
20150922	0.25
20150923	0.33
20150924	0.28
20150925	0.25
20150926	0.25
20150927	0.24
20150928	0.24
20150929	0.24
20150930	0.23
20151001	0.24
20151002	0.24
20151003	0.23
20151004	0.28
20151005	0.24
20151006	0.34
20151007	0.46
20151008	0.28
20151009	0.26
20151010	0.25
20151011	0.25
20151012	0.25
20151013	0.25
20151014	0.25
20151015	0.24
20151016	0.25
20151017	0.25
20151018	0.25
20151019	0.25
20151020	0.25
20151021	0.25
20151022	0.25
20151023	0.25
20151024	0.25
20151025	0.25
20151026	0.25
20151027	0.25
20151028	0.25
20151029	0.42
20151030	0.27
20151031	0.25
20151101	0.25
20151102	0.25
20151103	0.25
20151104	0.25
20151105	0.25
20151106	0.25
20151107	0.24
20151108	0.25
20151109	0.23
20151110	0.23
20151111	0.24
20151112	0.23
20151113	0.23
20151114	0.24
20151115	0.25
20151116	0.25
20151117	0.25
20151118	0.25
20151119	0.25
20151120	0.84
20151121	0.64
20151122	0.40
20151123	0.33
20151124	0.30
20151125	0.38
20151126	0.34
20151127	0.30
20151128	0.28
20151129	0.34
20151130	0.32
20151201	0.30
20151202	0.28
20151203	0.27
20151204	0.27
20151205	0.26
20151206	0.25
20151207	0.26
20151208	0.25
20151209	0.30
20151210	0.27
20151211	0.26
20151212	0.26
20151213	0.25
20151214	0.25
20151215	0.26
20151216	0.27
20151217	0.25
20151218	0.25
20151219	0.25
20151220	0.25
20151221	0.31
20151222	0.26
20151223	0.25
20151224	0.25
20151225	0.25
20151226	0.25
20151227	0.25
20151228	0.25
20151229	0.25
20151230	0.24
20151231	0.24
20160101	0.24
20160102	0.42
20160103	0.40
20160104	0.50
20160105	0.40
20160106	0.34
20160107	0.68
20160108	1.11
20160109	2.02
20160110	1.17
20160111	2.26
20160112	1.15
20160113	0.99
20160114	0.78
20160115	0.65
20160116	0.59
20160117	0.53
20160118	0.51
20160119	0.48
20160120	0.47
20160121	0.45
20160122	0.43
20160123	0.46
20160124	0.48
20160125	0.47
20160126	0.45
20160127	0.44
20160128	0.42
20160129	0.41
20160130	0.40
20160131	0.62
20160201	0.61
20160202	0.53
20160203	0.62
20160204	0.55
20160205	0.55
20160206	0.52
20160207	0.59
20160208	0.57
20160209	0.82
20160210	0.92
20160211	0.68
20160212	0.65
20160213	1.43
20160214	1.87
20160215	1.11
20160216	0.86
20160217	0.76
20160218	0.68
20160219	0.64
20160220	0.60
20160221	0.58
20160222	0.55
20160223	0.66
20160224	0.68
20160225	0.93
20160226	0.78
20160227	0.69
20160228	0.61
20160229	0.56
20160301	0.54
20160302	0.57
20160303	0.65
20160304	0.68
20160305	2.77
20160306	1.31
20160307	1.03
20160308	0.90
20160309	0.82
20160310	0.73
20160311	0.68
20160312	0.64
20160313	0.62
20160314	0.59
20160315	0.57
20160316	0.57
20160317	0.54
20160318	0.53
20160319	0.52
20160320	0.50
20160321	0.49
20160322	0.49
20160323	0.48
20160324	0.47
20160325	0.47
20160326	0.46
20160327	0.45
20160328	0.45
20160329	0.44
20160330	0.44
20160331	0.43
20160401	0.43
20160402	0.43
20160403	0.41
20160404	0.40
20160405	0.43
20160406	0.55
20160407	0.43
20160408	0.41
20160409	0.45
20160410	0.40
20160411	0.40
20160412	0.40
20160413	0.71
20160414	0.63
20160415	0.49
20160416	0.63
20160417	1.88
20160418	1.99
20160419	1.07
20160420	0.83
20160421	0.72
20160422	0.67
20160423	0.86
20160424	0.78
20160425	0.69
20160426	0.68
20160427	0.63
20160428	0.58
20160429	0.56
20160430	0.56
20160501	0.76
20160502	0.72
20160503	0.63
20160504	0.57
20160505	0.55
20160506	0.53
20160507	0.50
20160508	0.49
20160509	0.47
20160510	0.47
20160511	0.47
20160512	0.73
20160513	0.82
20160514	0.62
20160515	0.54
20160516	0.50
20160517	0.48
20160518	0.48
20160519	1.19
20160520	0.71
20160521	0.60
20160522	0.54
20160523	1.14
20160524	0.85
20160525	0.70
20160526	0.62
20160527	0.56
20160528	0.85
20160529	0.75
20160530	0.74
20160531	0.71
20160601	0.63
20160602	0.73
20160603	0.78
20160604	0.73
20160605	0.65
20160606	0.60
20160607	0.54
20160608	0.59
20160609	0.55
20160610	0.51
20160611	0.84
20160612	0.69
20160613	0.70
20160614	0.76
20160615	0.69
20160616	1.17
20160617	0.88
20160618	0.80
20160619	0.75
20160620	0.68
20160621	0.64
20160622	0.58
20160623	0.53
20160624	0.50
20160625	0.57
20160626	0.52
20160627	0.49
20160628	0.48
20160629	0.46
20160630	0.58
20160701	0.49
20160702	0.88
20160703	0.55
20160704	0.49
20160705	0.47
20160706	0.45
20160707	0.43
20160708	0.42
20160709	0.41
20160710	0.41
20160711	0.43
20160712	0.81
20160713	0.70
20160714	0.52
20160715	0.49
20160716	0.48
20160717	0.46
20160718	0.46
20160719	0.40
20160720	0.39
20160721	0.39
20160722	0.50
20160723	0.51
20160724	0.40
20160725	0.36
20160726	0.35
20160727	0.35
20160728	0.33
20160729	0.33
20160730	0.33
20160731	0.77
20160801	0.50
20160802	0.40
20160803	0.38
20160804	0.49
20160805	0.66
20160806	0.42
20160807	0.39
20160808	0.38
20160809	0.37
20160810	0.38
20160811	0.34
20160812	0.32
20160813	0.31
20160814	0.30
20160815	0.29
20160816	0.29
20160817	0.29
20160818	0.32
20160819	0.38
20160820	0.36
20160821	0.34
20160822	0.30
20160823	0.29
20160824	0.28
20160825	0.27
20160826	0.26
20160827	0.26
20160828	0.26
20160829	0.26
20160830	0.26
20160831	0.30
20160901	0.30
20160902	0.27
20160903	0.26
20160904	0.28
20160905	0.54
20160906	0.33
20160907	0.32
20160908	0.30
20160909	0.27
20160910	0.26
20160911	0.25
20160912	0.25
20160913	0.25
20160914	0.25
20160915	0.28
20160916	0.44
20160917	0.43
20160918	0.44
20160919	0.43
20160920	0.32
20160921	0.30
20160922	0.29
20160923	0.28
20160924	0.27
20160925	0.27
20160926	0.26
20160927	0.26
20160928	0.25
20160929	0.25
20160930	0.25
20161001	0.30
20161002	0.31
20161003	0.27
20161004	0.27
20161005	0.27
20161006	0.27
20161007	0.27
20161008	0.27
20161009	0.27
20161010	0.27
20161011	0.27
20161012	0.27
20161013	0.30
20161014	0.40
20161015	0.30
20161016	0.29
20161017	0.31
20161018	0.40
20161019	0.30
20161020	0.29
20161021	0.28
20161022	0.27
20161023	0.34
20161024	0.31
20161025	1.23
20161026	0.82
20161027	0.58
20161028	0.45
20161029	0.39
20161030	0.36
20161031	0.36
20161101	0.35
20161102	0.34
20161103	0.33
20161104	0.33
20161105	1.33
20161106	1.71
20161107	0.72
20161108	0.56
20161109	0.55
20161110	1.32
20161111	2.16
20161112	0.94
20161113	0.74
20161114	0.69
20161115	0.60
20161116	0.56
20161117	0.54
20161118	0.87
20161119	1.39
20161120	0.92
20161121	0.74
20161122	0.64
20161123	0.58
20161124	0.56
20161125	0.53
20161126	0.50
20161127	0.48
20161128	0.47
20161129	0.47
20161130	0.46
20161201	0.47
20161202	0.45
20161203	0.43
20161204	0.43
20161205	0.43
20161206	0.42
20161207	0.41
20161208	0.40
20161209	0.40
20161210	0.40
20161211	0.40
20161212	0.40
20161213	0.39
20161214	0.39
20161215	0.38
20161216	0.37
20161217	0.37
20161218	0.37
20161219	0.37
20161220	0.37
20161221	0.37
20161222	0.36
20161223	0.36
20161224	0.35
20161225	0.35
20161226	0.35
20161227	0.34
20161228	0.35
20161229	0.35
20161230	0.34
20161231	0.34
20170101	0.35
20170102	0.34
20170103	0.34
20170104	0.34
20170105	0.33
20170106	0.33
20170107	0.33
20170108	0.34
20170109	0.33
20170110	0.35
20170111	0.34
20170112	0.39
20170113	0.52
20170114	0.40
20170115	0.37
20170116	0.36
20170117	0.35
20170118	0.34
20170119	0.34
20170120	0.33
20170121	0.33
20170122	0.33
20170123	0.33
20170124	0.33
20170125	0.32
20170126	0.32
20170127	0.32
20170128	0.32
20170129	0.31
20170130	0.36
20170131	0.60
20170201	0.49
20170202	0.42
20170203	0.42
20170204	0.72
20170205	0.70
20170206	0.85
20170207	0.80
20170208	0.79
20170209	0.70
20170210	0.59
20170211	0.53
20170212	0.49
20170213	0.47
20170214	0.44
20170215	0.43
20170216	0.42
20170217	0.40
20170218	0.40
20170219	0.40
20170220	0.39
20170221	0.38
20170222	0.38
20170223	0.38
20170224	0.38
20170225	0.37
20170226	0.37
20170227	0.37
20170228	0.72
20170301	0.59
20170302	0.74
20170303	0.60
20170304	0.56
20170305	0.55
20170306	0.93
20170307	1.09
20170308	0.78
20170309	0.74
20170310	0.66
20170311	0.59
20170312	0.55
20170313	0.51
20170314	0.48
20170315	0.47
20170316	0.46
20170317	0.45
20170318	0.46
20170319	0.44
20170320	0.43
20170321	0.42
20170322	0.51
20170323	0.63
20170324	0.45
20170325	0.43
20170326	0.43
20170327	0.40
20170328	0.40
20170329	0.39
20170330	0.39
20170331	0.39
20170401	0.39
20170402	0.37
20170403	0.37
20170404	0.37
20170405	0.36
20170406	0.36
20170407	0.35
20170408	0.34
20170409	0.35
20170410	0.34
20170411	0.35
20170412	0.34
20170413	0.33
20170414	0.33
20170415	0.33
20170416	0.33
20170417	0.32
20170418	0.31
20170419	0.31
20170420	0.32
20170421	0.31
20170422	0.31
20170423	0.31
20170424	0.32
20170425	0.45
20170426	0.69
20170427	0.51
20170428	0.56
20170429	0.42
20170430	0.39
20170501	0.39
20170502	0.37
20170503	0.37
20170504	0.48
20170505	0.40
20170506	0.45
20170507	0.55
20170508	1.18
20170509	0.61
20170510	0.49
20170511	0.45
20170512	0.41
20170513	0.39
20170514	0.42
20170515	0.36
20170516	0.34
20170517	0.33
20170518	0.38
20170519	0.58
20170520	0.40
20170521	0.36
20170522	0.34
20170523	0.32
20170524	0.31
20170525	0.31
20170526	0.31
20170527	0.30
20170528	0.28
20170529	0.28
20170530	0.28
20170531	0.33
20170601	0.58
20170602	0.30
20170603	0.32
20170604	0.43
20170605	0.30
20170606	0.50
20170607	0.42
20170608	0.32
20170609	0.30
20170610	0.28
20170611	0.27
20170612	0.27
20170613	0.26
20170614	0.35
20170615	0.42
20170616	0.27
20170617	0.26
20170618	0.25
20170619	0.25
20170620	0.24
20170621	0.23
20170622	0.22
20170623	0.21
20170624	0.22
20170625	0.23
20170626	0.22
20170627	0.23
20170628	0.40
20170629	0.31
20170630	0.29
20170701	0.24
20170702	0.24
20170703	0.26
20170704	0.25
20170705	0.25
20170706	0.23
20170707	0.23
20170708	0.24
20170709	0.32
20170710	0.32
20170711	0.29
20170712	0.23
20170713	0.22
20170714	0.23
20170715	0.21
20170716	0.22
20170717	0.21
20170718	0.21
20170719	0.18
20170720	0.19
20170721	0.35
20170722	0.31
20170723	0.23
20170724	0.29
20170725	0.24
20170726	0.24
20170727	0.22
20170728	0.22
20170729	0.21
20170730	0.21
20170731	0.23
20170801	0.20
20170802	0.20
20170803	0.20
20170804	0.20
20170805	0.20
20170806	0.20
20170807	0.21
20170808	0.56
20170809	0.28
20170810	0.38
20170811	0.26
20170812	0.25
20170813	0.22
20170814	0.22
20170815	0.21
20170816	0.21
20170817	0.21
20170818	0.21
20170819	0.22
20170820	0.19
20170821	0.19
20170822	0.19
20170823	0.19
20170824	0.21
20170825	0.21
20170826	0.19
20170827	0.19
20170828	0.19
20170829	0.19
20170830	0.18
20170831	0.23
20170901	0.24
20170902	0.22
20170903	0.21
20170904	0.20
20170905	0.19
20170906	0.19
20170907	0.24
20170908	0.22
20170909	0.25
20170910	0.20
20170911	0.20
20170912	0.27
20170913	0.21
20170914	0.22
20170915	0.20
20170916	0.20
20170917	0.21
20170918	0.20
20170919	0.21
20170920	0.21
20170921	0.20
20170922	0.19
20170923	0.19
20170924	0.20
20170925	0.20
20170926	0.19
20170927	0.20
20170928	0.20
20170929	0.19
20170930	0.20
20171001	0.20
20171002	0.21
20171003	0.29
20171004	0.21
20171005	0.21
20171006	0.20
20171007	0.21
20171008	0.24
20171009	0.21
20171010	0.21
20171011	0.21
20171012	0.20
20171013	0.20
20171014	0.20
20171015	0.21
20171016	0.21
20171017	0.21
20171018	0.21
20171019	0.21
20171020	0.21
20171021	0.21
20171022	0.24
20171023	0.23
20171024	0.21
20171025	0.20
20171026	0.20
20171027	0.20
20171028	0.20
20171029	0.20
20171030	0.19
20171031	0.20
20171101	0.21
20171102	0.21
20171103	0.21
20171104	0.21
20171105	0.41
20171106	0.21
20171107	0.20
20171108	0.20
20171109	0.23
20171110	0.23
20171111	0.32
20171112	0.60
20171113	0.46
20171114	0.31
20171115	0.26
20171116	0.25
20171117	0.24
20171118	0.23
20171119	0.23
20171120	0.23
20171121	0.23
20171122	0.23
20171123	0.23
20171124	0.22
20171125	0.57
20171126	0.33
20171127	0.26
20171128	0.25
20171129	0.25
20171130	0.25
20171201	0.25
20171202	0.23
20171203	0.23
20171204	0.23
20171205	0.23
20171206	0.23
20171207	0.23
20171208	0.35
20171209	0.28
20171210	0.72
20171211	2.52
20171212	1.20
20171213	0.61
20171214	1.34
20171215	2.95
20171216	0.84
20171217	0.63
20171218	0.56
20171219	0.49
20171220	0.46
20171221	0.43
20171222	0.44
20171223	0.43
20171224	0.41
20171225	0.39
20171226	0.41
20171227	0.45
20171228	0.44
20171229	0.41
20171230	0.88
20171231	0.77
20180101	0.71
20180102	0.83
20180103	0.80
20180104	2.36
20180105	1.52
20180106	0.98
20180107	0.78
20180108	0.67
20180109	0.61
20180110	0.56
20180111	0.63
20180112	0.55
20180113	0.53
20180114	0.51
20180115	0.49
20180116	0.55
20180117	0.69
20180118	0.77
20180119	0.91
20180120	0.86
20180121	1.79
20180122	5.57
20180123	2.11
20180124	1.27
20180125	1.02
20180126	0.94
20180127	0.87
20180128	0.78
20180129	0.73
20180130	0.68
20180131	0.66
20180201	1.49
20180202	0.98
20180203	0.83
20180204	0.75
20180205	0.70
20180206	0.67
20180207	0.64
20180208	0.60
20180209	0.58
20180210	0.57
20180211	0.58
20180212	0.56
20180213	0.54
20180214	0.53
20180215	0.59
20180216	0.66
20180217	0.83
20180218	0.77
20180219	0.67
20180220	0.62
20180221	0.58
20180222	0.56
20180223	0.54
20180224	0.52
20180225	0.50
20180226	0.46
20180227	0.48
20180228	0.49
20180301	0.51
20180302	0.51
20180303	0.49
20180304	0.53
20180305	0.75
20180306	1.40
20180307	1.87
20180308	1.22
20180309	0.94
20180310	0.92
20180311	0.91
20180312	0.89
20180313	0.98
20180314	0.89
20180315	0.80
20180316	0.73
20180317	0.79
20180318	0.80
20180319	0.73
20180320	0.67
20180321	0.63
20180322	0.61
20180323	0.60
20180324	0.59
20180325	0.56
20180326	0.54
20180327	0.53
20180328	0.67
20180329	0.84
20180330	0.92
20180331	1.17
20180401	1.02
20180402	0.88
20180403	0.76
20180404	0.83
20180405	0.99
20180406	0.83
20180407	0.73
20180408	0.68
20180409	0.64
20180410	0.62
20180411	0.60
20180412	0.58
20180413	0.56
20180414	0.54
20180415	0.53
20180416	0.52
20180417	0.50
20180418	0.50
20180419	0.48
20180420	0.48
20180421	0.46
20180422	0.47
20180423	0.46
20180424	0.46
20180425	0.45
20180426	0.44
20180427	0.43
20180428	0.43
20180429	0.43
20180430	0.44
20180501	0.43
20180502	0.41
20180503	0.43
20180504	0.42
20180505	0.39
20180506	0.39
20180507	0.39
20180508	0.37
20180509	0.39
20180510	0.41
20180511	0.39
20180512	0.40
20180513	0.53
20180514	0.39
20180515	0.67
20180516	0.50
20180517	0.43
20180518	0.39
20180519	0.37
20180520	0.37
20180521	0.36
20180522	0.35
20180523	0.37
20180524	0.35
20180525	0.33
20180526	0.33
20180527	0.33
20180528	0.34
20180529	0.37
20180530	0.34
20180531	0.33
20180601	0.32
20180602	0.31
20180603	0.31
20180604	0.37
20180605	0.37
20180606	0.89
20180607	0.65
20180608	0.44
20180609	0.39
20180610	0.35
20180611	0.63
20180612	0.96
20180613	0.93
20180614	0.54
20180615	0.44
20180616	0.39
20180617	0.36
20180618	0.35
20180619	0.34
20180620	0.32
20180621	0.31
20180622	0.30
20180623	0.29
20180624	0.30
20180625	0.29
20180626	0.28
20180627	0.28
20180628	0.31
20180629	0.31
20180630	0.32
20180701	0.30
20180702	0.29
20180703	0.50
20180704	0.30
20180705	1.23
20180706	0.49
20180707	0.36
20180708	0.31
20180709	0.30
20180710	0.28
20180711	0.29
20180712	0.29
20180713	0.29
20180714	0.29
20180715	0.34
20180716	0.32
20180717	0.26
20180718	0.25
20180719	0.25
20180720	0.29
20180721	0.38
20180722	0.26
20180723	0.25
20180724	0.25
20180725	0.24
20180726	0.24
20180727	0.24
20180728	0.38
20180729	0.27
20180730	0.24
20180731	0.23
20180801	0.23
20180802	0.23
20180803	0.22
20180804	0.22
20180805	0.22
20180806	0.23
20180807	0.30
20180808	0.22
20180809	0.23
20180810	0.23
20180811	0.22
20180812	0.22
20180813	0.22
20180814	0.21
20180815	0.21
20180816	0.21
20180817	0.21
20180818	0.21
20180819	0.21
20180820	0.21
20180821	0.21
20180822	0.21
20180823	0.20
20180824	0.20
20180825	0.20
20180826	0.20
20180827	0.20
20180828	0.19
20180829	0.24
20180830	0.27
20180831	0.24
20180901	0.25
20180902	0.23
20180903	0.24
20180904	0.27
20180905	0.24
20180906	0.21
20180907	0.20
20180908	0.19
20180909	0.19
20180910	0.19
20180911	0.19
20180912	0.19
20180913	0.21
20180914	0.22
20180915	0.19
20180916	0.19
20180917	0.19
20180918	0.19
20180919	0.20
20180920	0.19
20180921	0.19
20180922	0.20
20180923	0.21
20180924	0.33
20180925	0.20
20180926	0.21
20180927	0.21
20180928	0.21
20180929	0.20
20180930	0.21
20181001	0.24
20181002	0.22
20181003	0.21
20181004	0.21
20181005	0.21
20181006	0.21
20181007	0.21
20181008	0.21
20181009	0.21
20181010	0.21
20181011	0.22
20181012	0.21
20181013	0.21
20181014	0.20
20181015	0.20
20181016	0.20
20181017	0.20
20181018	0.21
20181019	0.20
20181020	0.21
20181021	0.22
20181022	0.21
20181023	0.22
20181024	0.21
20181025	0.22
20181026	0.22
20181027	0.31
20181028	0.37
20181029	0.25
20181030	0.28
20181031	0.24
20181101	0.23
20181102	0.23
20181103	0.23
20181104	0.23
20181105	0.23
20181106	0.23
20181107	0.24
20181108	0.46
20181109	0.24
20181110	0.23
20181111	0.30
20181112	0.24
20181113	0.35
20181114	0.27
20181115	0.24
20181116	0.23
20181117	0.23
20181118	0.23
20181119	0.23
20181120	0.24
20181121	0.23
20181122	0.23
20181123	0.26
20181124	0.35
20181125	0.24
20181126	0.23
20181127	0.23
20181128	0.22
20181129	0.22
20181130	0.23
20181201	0.22
20181202	0.48
20181203	0.66
20181204	0.65
20181205	0.39
20181206	0.34
20181207	0.31
20181208	0.35
20181209	0.55
20181210	0.67
20181211	0.44
20181212	0.37
20181213	0.30
20181214	0.28
20181215	0.27
20181216	0.36
20181217	0.30
20181218	0.28
20181219	0.40
20181220	0.38
20181221	0.73
20181222	0.83
20181223	0.56
20181224	0.69
20181225	0.52
20181226	0.43
20181227	0.38
20181228	0.35
20181229	0.32
20181230	0.30
20181231	0.30
20190101	0.29
20190102	0.28
20190103	0.28
20190104	0.28
20190105	0.27
20190106	0.27
20190107	0.26
20190108	0.27
20190109	0.30
20190110	0.28
20190111	0.27
20190112	0.27
20190113	0.43
20190114	0.58
20190115	0.44
20190116	0.38
20190117	0.35
20190118	0.34
20190119	0.33
20190120	0.31
20190121	0.30
20190122	0.30
20190123	0.30
20190124	0.28
20190125	0.27
20190126	0.27
20190127	0.33
20190128	0.39
20190129	0.34
20190130	0.33
20190131	0.33
20190201	0.51
20190202	0.54
20190203	0.52
20190204	0.46
20190205	0.42
20190206	0.39
20190207	0.43
20190208	0.51
20190209	0.67
20190210	0.80
20190211	0.90
20190212	0.70
20190213	0.58
20190214	0.52
20190215	0.48
20190216	0.44
20190217	0.42
20190218	0.40
20190219	0.38
20190220	0.36
20190221	0.35
20190222	0.34
20190223	0.33
20190224	0.33
20190225	0.32
20190226	0.31
20190227	0.30
20190228	0.30
20190301	0.33
20190302	0.30
20190303	0.30
20190304	0.33
20190305	0.31
20190306	0.29
20190307	0.43
20190308	0.32
20190309	0.30
20190310	0.44
20190311	0.47
20190312	0.43
20190313	0.41
20190314	0.96
20190315	0.95
20190316	0.72
20190317	0.60
20190318	0.54
20190319	0.48
20190320	0.45
20190321	0.42
20190322	0.40
20190323	0.38
20190324	0.37
20190325	0.36
20190326	0.34
20190327	0.34
20190328	0.33
20190329	0.33
20190330	0.33
20190331	0.32
20190401	0.31
20190402	0.30
20190403	0.45
20190404	0.62
20190405	0.50
20190406	0.51
20190407	0.53
20190408	0.47
20190409	0.42
20190410	0.39
20190411	0.36
20190412	0.34
20190413	0.34
20190414	0.33
20190415	0.32
20190416	0.31
20190417	0.30
20190418	0.30
20190419	0.29
20190420	0.28
20190421	0.28
20190422	0.28
20190423	0.27
20190424	0.28
20190425	0.30
20190426	0.54
20190427	0.37
20190428	0.35
20190429	0.30
20190430	0.28
20190501	0.27
20190502	0.29
20190503	0.30
20190504	0.30
20190505	0.34
20190506	0.28
20190507	0.27
20190508	0.53
20190509	0.56
20190510	0.39
20190511	0.39
20190512	0.34
20190513	0.30
20190514	0.28
20190515	0.27
20190516	0.27
20190517	0.28
20190518	0.28
20190519	0.30
20190520	0.46
20190521	0.33
20190522	0.28
20190523	0.27
20190524	0.27
20190525	0.30
20190526	0.40
20190527	0.27
20190528	0.43
20190529	0.33
20190530	0.27
20190531	0.26
20190601	0.25
20190602	0.25
20190603	0.24
20190604	0.24
20190605	0.24
20190606	0.24
20190607	0.24
20190608	0.24
20190609	0.32
20190610	1.06
20190611	1.11
20190612	0.64
20190613	0.45
20190614	0.40
20190615	0.98
20190616	0.69
20190617	0.00
20190618	0.00
20190619	0.00
20190620	0.00
20190621	0.00
20190622	0.00
20190623	0.00
20190624	0.00
20190625	0.00
20190626	0.00
20190627	0.00
20190628	0.00
20190629	0.00
20190630	0.00
20190701	0.00
20190702	0.00
20190703	0.00
20190704	0.00
20190705	0.00
20190706	0.00
20190707	0.00
20190708	0.00
20190709	0.00
20190710	0.00
20190711	0.00
20190712	0.00
20190713	0.00
20190714	0.00
20190715	0.00
20190716	0.24
20190717	0.24
20190718	0.22
20190719	0.22
20190720	0.22
20190721	0.22
20190722	0.22
20190723	0.22
20190724	0.21
20190725	0.21
20190726	0.53
20190727	0.33
20190728	0.77
20190729	0.26
20190730	0.24
20190731	0.23
20190801	0.20
20190802	0.22
20190803	0.20
20190804	0.19
20190805	0.20
20190806	0.43
20190807	0.42
20190808	0.25
20190809	0.22
20190810	0.53
20190811	0.26
20190812	0.27
20190813	0.23
20190814	0.22
20190815	0.21
20190816	0.21
20190817	0.21
20190818	0.20
20190819	0.43
20190820	0.91
20190821	0.58
20190822	0.34
20190823	0.28
20190824	0.25
20190825	0.24
20190826	0.23
20190827	0.22
20190828	0.22
20190829	0.21
20190830	0.21
20190831	0.21
20190901	0.21
20190902	0.22
20190903	0.21
20190904	0.21
20190905	0.21
20190906	0.21
20190907	0.21
20190908	0.22
20190909	0.23
20190910	0.21
20190911	0.21
20190912	0.20
20190913	0.20
20190914	0.20
20190915	0.20
20190916	0.19
20190917	0.19
20190918	0.19
20190919	0.19
20190920	0.19
20190921	0.20
20190922	0.20
20190923	0.42
20190924	0.21
20190925	0.22
20190926	0.21
20190927	0.20
20190928	0.21
20190929	0.20
20190930	0.20
20191001	0.23
20191002	0.33
20191003	0.22
20191004	0.22
20191005	0.22
20191006	0.22
20191007	0.24
20191008	0.21
20191009	0.60
20191010	0.33
20191011	0.25
20191012	0.23
20191013	0.23
20191014	0.22
20191015	0.43
20191016	0.40
20191017	0.27
20191018	0.37
20191019	2.05
20191020	0.67
20191021	0.64
20191022	0.62
20191023	0.46
20191024	0.40
20191025	0.36
20191026	0.33
20191027	0.32
20191028	0.33
20191029	0.47
20191030	0.37
20191031	0.35
20191101	0.36
20191102	0.56
20191103	0.87
20191104	0.82
20191105	0.66
20191106	0.68
20191107	0.53
20191108	0.63
20191109	0.52
20191110	0.46
20191111	0.43
20191112	0.41
20191113	0.40
20191114	0.38
20191115	0.41
20191116	0.37
20191117	0.49
20191118	0.58
20191119	0.49
20191120	0.44
20191121	0.41
20191122	0.40
20191123	0.38
20191124	0.36
20191125	0.35
20191126	0.34
20191127	0.54
20191128	0.71
20191129	1.08
20191130	0.78
20191201	0.71
20191202	0.67
20191203	0.59
20191204	0.53
20191205	0.49
20191206	0.46
20191207	0.43
20191208	0.42
20191209	0.54
20191210	0.53
20191211	0.55
20191212	0.60
20191213	1.12
20191214	1.02
20191215	0.78
20191216	0.64
20191217	0.59
20191218	0.53
20191219	0.51
20191220	0.88
20191221	1.33
20191222	1.38
20191223	1.27
20191224	1.58
20191225	1.10
20191226	0.90
20191227	1.95
20191228	1.06
20191229	0.88
20191230	0.79
20191231	0.71
20200101	0.67
20200102	0.63
20200103	0.59
20200104	0.56
20200105	0.55
20200106	0.54
20200107	0.52
20200108	0.51
20200109	0.49
20200110	0.50
20200111	0.47
20200112	0.47
20200113	0.47
20200114	0.45
20200115	0.43
20200116	0.43
20200117	0.50
20200118	0.48
20200119	0.45
20200120	0.43
20200121	0.43
20200122	0.42
20200123	0.41
20200124	0.40
20200125	0.40
20200126	0.40
20200127	0.41
20200128	0.60
20200129	0.77
20200130	0.66
20200131	0.70
20200201	0.59
20200202	0.77
20200203	0.94
20200204	0.81
20200205	0.68
20200206	0.61
20200207	0.58
20200208	0.55
20200209	0.53
20200210	0.53
20200211	0.55
20200212	0.50
20200213	0.58
20200214	1.19
20200215	0.74
20200216	0.64
20200217	0.67
20200218	0.71
20200219	0.66
20200220	0.61
20200221	0.57
20200222	0.55
20200223	0.54
20200224	0.53
20200225	0.65
20200226	0.76
20200227	0.82
20200228	0.87
20200229	0.79
20200301	1.39
20200302	1.23
20200303	1.20
20200304	0.88
20200305	2.36
20200306	2.04
20200307	1.09
20200308	0.91
20200309	0.88
20200310	0.83
20200311	0.78
20200312	0.72
20200313	0.67
20200314	0.64
20200315	0.61
20200316	0.59
20200317	0.56
20200318	0.54
20200319	0.54
20200320	0.54
20200321	0.52
20200322	0.50
20200323	0.50
20200324	0.50
20200325	0.50
20200326	0.49
20200327	0.48
20200328	0.47
20200329	0.46
20200330	0.46
20200331	0.46
20200401	0.46
20200402	0.45
20200403	0.43
20200404	0.43
20200405	0.43
20200406	0.42
20200407	0.40
20200408	0.40
20200409	0.40
20200410	0.40
20200411	0.40
20200412	0.40
20200413	0.40
20200414	0.38
20200415	0.39
20200416	0.39
20200417	0.38
20200418	0.37
20200419	0.37
20200420	0.37
20200421	0.36
20200422	0.35
20200423	0.32
20200424	0.34
20200425	0.33
20200426	0.37
20200427	0.36
20200428	0.43
20200429	0.40
20200430	0.58
20200501	0.46
20200502	0.50
20200503	0.42
20200504	0.36
20200505	0.53
20200506	0.42
20200507	0.36
20200508	0.34
20200509	0.33
20200510	0.36
20200511	0.64
20200512	0.41
20200513	0.55
20200514	0.66
20200515	0.43
20200516	0.38
20200517	0.36
20200518	0.35
20200519	0.33
20200520	0.32
20200521	0.31
20200522	0.30
20200523	0.38
20200524	0.35
20200525	0.32
20200526	0.30
20200527	0.30
20200528	0.28
20200529	0.28
20200530	0.28
20200531	0.27
20200601	0.27
20200602	0.27
20200603	0.28
20200604	0.43
20200605	0.33
20200606	0.28
20200607	0.51
20200608	0.33
20200609	0.40
20200610	0.31
20200611	0.30
20200612	0.28
20200613	0.44
20200614	0.32
20200615	0.27
20200616	0.27
20200617	0.71
20200618	0.52
20200619	0.37
20200620	0.32
20200621	0.28
20200622	0.27
20200623	0.26
20200624	0.25
20200625	0.24
20200626	0.24
20200627	0.23
20200628	0.34
20200629	0.70
20200630	0.31
20200701	0.27
20200702	0.35
20200703	0.32
20200704	0.30
20200705	0.29
20200706	0.28
20200707	0.27
20200708	0.26
20200709	0.24
20200710	0.28
20200711	1.03
20200712	0.27
20200713	0.26
20200714	0.25
20200715	0.25
20200716	0.25
20200717	0.25
20200718	0.24
20200719	0.23
20200720	0.23
20200721	0.25
20200722	0.50
20200723	0.25
20200724	0.26
20200725	0.23
20200726	0.22
20200727	0.22
20200728	0.21
20200729	0.22
20200730	0.21
20200731	0.21
20200801	0.20
20200802	0.51
20200803	0.39
20200804	0.31
20200805	0.24
20200806	0.23
20200807	0.22
20200808	0.21
20200809	0.21
20200810	0.21
20200811	0.21
20200812	0.20
20200813	0.22
20200814	0.26
20200815	0.21
20200816	0.22
20200817	0.25
20200818	0.28
20200819	0.25
20200820	0.21
20200821	0.20
20200822	0.20
20200823	0.20
20200824	0.20
20200825	0.20
20200826	0.19
20200827	0.19
20200828	0.32
20200829	0.33
20200830	0.65
20200831	0.32
20200901	0.25
20200902	0.24
20200903	0.24
20200904	0.23
20200905	0.22
20200906	0.23
20200907	0.23
20200908	0.22
20200909	0.21
20200910	0.21
20200911	0.21
20200912	0.21
20200913	0.21
20200914	0.21
20200915	0.21
20200916	0.20
20200917	0.20
20200918	0.21
20200919	0.22
20200920	0.42
20200921	0.67
20200922	0.25
20200923	0.41
20200924	0.55
20200925	0.52
20200926	0.48
20200927	0.34
20200928	0.33
20200929	0.49
20200930	0.33
20201001	0.29
20201002	0.27
20201003	1.44
20201004	0.67
20201005	0.45
20201006	0.38
20201007	0.35
20201008	0.30
20201009	0.28
20201010	0.32
20201011	0.29
20201012	0.27
20201013	0.25
20201014	0.25
20201015	0.24
20201016	0.24
20201017	0.24
20201018	0.23
20201019	0.23
20201020	0.23
20201021	0.23
20201022	0.25
20201023	2.92
20201024	1.40
20201025	0.70
20201026	2.10
20201027	0.99
20201028	0.71
20201029	0.60
20201030	0.53
20201031	0.49
20201101	0.46
20201102	0.43
20201103	0.46
20201104	0.43
20201105	0.40
20201106	0.40
20201107	0.37
20201108	0.37
20201109	0.36
20201110	0.36
20201111	0.35
20201112	0.37
20201113	0.37
20201114	0.37
20201115	0.39
20201116	0.80
20201117	0.49
20201118	0.44
20201119	0.45
20201120	0.41
20201121	0.40
20201122	0.39
20201123	0.40
20201124	0.38
20201125	0.37
20201126	0.37
20201127	0.36
20201128	0.36
20201129	0.34
20201130	0.33
20201201	0.38
20201202	0.36
20201203	0.35
20201204	0.41
20201205	0.51
20201206	0.50
20201207	0.49
20201208	0.45
20201209	0.44
20201210	0.43
20201211	0.44
20201212	0.57
20201213	0.62
20201214	0.52
20201215	0.60
20201216	0.71
20201217	0.56
20201218	0.52
20201219	0.48
20201220	0.45
20201221	0.45
20201222	0.51
20201223	0.46
20201224	0.58
20201225	0.55
20201226	0.51
20201227	0.51
20201228	0.85
20201229	0.86
20201230	0.88
20201231	0.73