 Valicka_data              SWAT+ Jan 11 2024        MODULAR Rev 2024.61.0                                 
       year     plant_no   plant_name       harv_area(ha)    yld(t)         yld(t/ha)      
        1999           1 frst              0.0000000E+00  0.0000000E+00  0.0000000E+00
        1999           2 fesc               2312.016       18582.75       8.037466    
        1999           3 wetl              0.0000000E+00  0.0000000E+00  0.0000000E+00
        1999           4 rnge               3254.043      0.0000000E+00  0.0000000E+00
        1999           5 corn               819.4883       8115.524       9.903161    
        1999           6 wwht               771.3641       4873.094       6.317502    
        1999           7 canp               823.0629       4416.138       5.365492    
        1999           8 sunf               327.3768       1130.131       3.452080    
        1999           9 radi              0.0000000E+00  0.0000000E+00  0.0000000E+00
        1999          10 orcd               31.46360       9.599321      0.3050929    
        1999          11 alfa              0.0000000E+00  0.0000000E+00  0.0000000E+00
        1999          12 wbar               120.7958       846.9194       7.011166    
        2000           1 frst              0.0000000E+00  0.0000000E+00  0.0000000E+00
        2000           2 fesc               2312.017       20135.00       8.708847    
        2000           3 wetl              0.0000000E+00  0.0000000E+00  0.0000000E+00
        2000           4 rnge               3254.043      0.0000000E+00  0.0000000E+00
        2000           5 corn               833.7934       5325.663       6.387269    
        2000           6 wwht               995.0115       2995.965       3.010985    
        2000           7 canp               448.2718       1890.125       4.216471    
        2000           8 sunf               284.7514       805.8716       2.830088    
        2000           9 radi              0.0000000E+00  0.0000000E+00  0.0000000E+00
        2000          10 orcd               31.46360       11.57727      0.3679574    
        2000          11 alfa               777.9089       2385.641       3.066736    
        2000          12 wbar               200.0283       1139.831       5.698346    
        2001           1 frst              0.0000000E+00  0.0000000E+00  0.0000000E+00
        2001           2 fesc               2312.017       18461.90       7.985191    
        2001           3 wetl              0.0000000E+00  0.0000000E+00  0.0000000E+00
        2001           4 rnge               3254.043      0.0000000E+00  0.0000000E+00
        2001           5 corn               949.7308       5503.011       5.794285    
        2001           6 wwht               939.9664       3684.756       3.920093    
        2001           7 canp               329.3783       1884.346       5.720918    
        2001           8 sunf               445.2690       1507.846       3.386372    
        2001           9 radi              0.0000000E+00  0.0000000E+00  0.0000000E+00
        2001          10 orcd               31.46360       13.61312      0.4326624    
        2001          11 alfa               762.4354       3283.414       4.306482    
        2001          12 wbar               111.5126       724.0916       6.493361    
        2002           1 frst              0.0000000E+00  0.0000000E+00  0.0000000E+00
        2002           2 fesc               2312.018       17872.45       7.730238    
        2002           3 wetl              0.0000000E+00  0.0000000E+00  0.0000000E+00
        2002           4 rnge               3254.043      0.0000000E+00  0.0000000E+00
        2002           5 corn               1049.894       7814.675       7.443297    
        2002           6 wwht               1297.382       3530.742       2.721435    
        2002           7 canp               401.2099       1450.047       3.614186    
        2002           8 sunf               110.9264       258.1563       2.327275    
        2002           9 radi              0.0000000E+00  0.0000000E+00  0.0000000E+00
        2002          10 orcd               31.46360       15.16534      0.4819965    
        2002          11 alfa               492.2791       2165.732       4.399397    
        2002          12 wbar               11.84217       44.27579       3.738824    
        2003           1 frst              0.0000000E+00  0.0000000E+00  0.0000000E+00
        2003           2 fesc               2312.016       16923.32       7.319723    
        2003           3 wetl              0.0000000E+00  0.0000000E+00  0.0000000E+00
        2003           4 rnge               3254.043      0.0000000E+00  0.0000000E+00
        2003           5 corn               1086.827       5237.733       4.819290    
        2003           6 wwht               954.4436       1778.255       1.863132    
        2003           7 canp               702.6733       2180.736       3.103486    
        2003           8 sunf               94.17184       158.4821       1.682904    
        2003           9 radi              0.0000000E+00  0.0000000E+00  0.0000000E+00
        2003          10 orcd               31.46360       15.55604      0.4944139    
        2003          11 alfa               157.1307       628.0007       3.996676    
        2003          12 wbar               144.8559       324.2212       2.238232    
        2004           1 frst              0.0000000E+00  0.0000000E+00  0.0000000E+00
        2004           2 fesc               2312.017       17014.38       7.359106    
        2004           3 wetl              0.0000000E+00  0.0000000E+00  0.0000000E+00
        2004           4 rnge               3254.043      0.0000000E+00  0.0000000E+00
        2004           5 corn               1017.324       8579.829       8.433724    
        2004           6 wwht               1442.689       6772.455       4.694328    
        2004           7 canp               190.5737       1086.495       5.701180    
        2004           8 sunf               250.8176       1011.218       4.031685    
        2004           9 radi              0.0000000E+00  0.0000000E+00  0.0000000E+00
        2004          10 orcd               31.46360       17.25617      0.5484487    
        2004          11 alfa               47.82408       122.4027       2.559437    
        2004          12 wbar               118.0026       702.9733       5.957269    
        2005           1 frst              0.0000000E+00  0.0000000E+00  0.0000000E+00
        2005           2 fesc               2312.016       14942.36       6.462917    
        2005           3 wetl              0.0000000E+00  0.0000000E+00  0.0000000E+00
        2005           4 rnge               3254.043      0.0000000E+00  0.0000000E+00
        2005           5 corn               820.7143       6634.214       8.083464    
        2005           6 wwht               787.7766       3274.449       4.156571    
        2005           7 canp               823.0627       4620.198       5.613421    
        2005           8 sunf               327.3768       1132.338       3.458822    
        2005           9 radi              0.0000000E+00  0.0000000E+00  0.0000000E+00
        2005          10 orcd               31.46360       18.61175      0.5915327    
        2005          11 alfa               290.4395       777.3083       2.676318    
        2005          12 wbar               179.6050       954.1925       5.312727    
        2006           1 frst              0.0000000E+00  0.0000000E+00  0.0000000E+00
        2006           2 fesc               2312.017       14121.28       6.107777    
        2006           3 wetl              0.0000000E+00  0.0000000E+00  0.0000000E+00
        2006           4 rnge               3254.043      0.0000000E+00  0.0000000E+00
        2006           5 corn               833.7936       6642.737       7.966884    
        2006           6 wwht               995.0115       4591.298       4.614316    
        2006           7 canp               448.2718       2372.325       5.292158    
        2006           8 sunf               284.7515       888.7783       3.121242    
        2006           9 radi              0.0000000E+00  0.0000000E+00  0.0000000E+00
        2006          10 orcd               31.46360       18.05572      0.5738605    
        2006          11 alfa               777.9088       2394.155       3.077681    
        2006          12 wbar               200.0283       1093.200       5.465226    
        2007           1 frst              0.0000000E+00  0.0000000E+00  0.0000000E+00
        2007           2 fesc               2312.015       19189.49       8.299900    
        2007           3 wetl              0.0000000E+00  0.0000000E+00  0.0000000E+00
        2007           4 rnge               3254.043      0.0000000E+00  0.0000000E+00
        2007           5 corn               949.7310       6726.388       7.082414    
        2007           6 wwht               939.9663       3590.807       3.820145    
        2007           7 canp               329.3783       1564.268       4.749155    
        2007           8 sunf               445.2690       1305.775       2.932554    
        2007           9 radi              0.0000000E+00  0.0000000E+00  0.0000000E+00
        2007          10 orcd               31.46360       8.081676      0.2568579    
        2007          11 alfa               762.4354       4161.101       5.457644    
        2007          12 wbar               111.5126       669.4457       6.003319    
        2008           1 frst              0.0000000E+00  0.0000000E+00  0.0000000E+00
        2008           2 fesc               2312.016       18627.95       8.057018    
        2008           3 wetl              0.0000000E+00  0.0000000E+00  0.0000000E+00
        2008           4 rnge               3254.043      0.0000000E+00  0.0000000E+00
        2008           5 corn               1049.895       9118.846       8.685487    
        2008           6 wwht               1297.383       5846.117       4.506085    
        2008           7 canp               401.2100       2078.936       5.181666    
        2008           8 sunf               110.9264       364.1751       3.283034    
        2008           9 radi              0.0000000E+00  0.0000000E+00  0.0000000E+00
        2008          10 orcd               31.46360       8.792472      0.2794490    
        2008          11 alfa               492.2791       2728.818       5.543233    
        2008          12 wbar               11.84217       72.60818       6.131324    
        2009           1 frst              0.0000000E+00  0.0000000E+00  0.0000000E+00
        2009           2 fesc               2312.016       17506.38       7.571911    
        2009           3 wetl              0.0000000E+00  0.0000000E+00  0.0000000E+00
        2009           4 rnge               3254.043      0.0000000E+00  0.0000000E+00
        2009           5 corn               1086.827       9259.421       8.519683    
        2009           6 wwht               954.4438       4378.021       4.586986    
        2009           7 canp               702.6733       3887.556       5.532522    
        2009           8 sunf               94.17184       304.1628       3.229870    
        2009           9 radi              0.0000000E+00  0.0000000E+00  0.0000000E+00
        2009          10 orcd               31.46360       11.70921      0.3721511    
        2009          11 alfa               157.1308       937.9635       5.969318    
        2009          12 wbar               144.8559       856.1828       5.910583    
        2010           1 frst              0.0000000E+00  0.0000000E+00  0.0000000E+00
        2010           2 fesc               2312.016       14895.46       6.442626    
        2010           3 wetl              0.0000000E+00  0.0000000E+00  0.0000000E+00
        2010           4 rnge               3254.043      0.0000000E+00  0.0000000E+00
        2010           5 corn               1017.324       8292.592       8.151378    
        2010           6 wwht               1442.689       6873.183       4.764147    
        2010           7 canp               190.5737       977.3708       5.128571    
        2010           8 sunf               250.8176       867.7325       3.459615    
        2010           9 radi              0.0000000E+00  0.0000000E+00  0.0000000E+00
        2010          10 orcd               31.46360       14.22742      0.4521867    
        2010          11 alfa               47.82408       152.3959       3.186594    
        2010          12 wbar               118.0026       687.1568       5.823233    
        2011           1 frst              0.0000000E+00  0.0000000E+00  0.0000000E+00
        2011           2 fesc               2312.017       18096.60       7.827192    
        2011           3 wetl              0.0000000E+00  0.0000000E+00  0.0000000E+00
        2011           4 rnge               3254.043      0.0000000E+00  0.0000000E+00
        2011           5 corn               820.7142       6368.627       7.759861    
        2011           6 wwht               787.7764       3478.250       4.415276    
        2011           7 canp               823.0627       4519.622       5.491224    
        2011           8 sunf               327.3768       993.7139       3.035383    
        2011           9 radi              0.0000000E+00  0.0000000E+00  0.0000000E+00
        2011          10 orcd               31.46360       16.38417      0.5207343    
        2011          11 alfa               290.4395       1058.702       3.645172    
        2011          12 wbar               179.6051       1077.340       5.998385    
        2012           1 frst              0.0000000E+00  0.0000000E+00  0.0000000E+00
        2012           2 fesc               2312.018       17341.80       7.500722    
        2012           3 wetl              0.0000000E+00  0.0000000E+00  0.0000000E+00
        2012           4 rnge               3254.043      0.0000000E+00  0.0000000E+00
        2012           5 corn               833.7933       4675.968       5.608066    
        2012           6 wwht               995.0116       3802.006       3.821067    
        2012           7 canp               448.2718       1781.069       3.973189    
        2012           8 sunf               284.7514       660.7908       2.320588    
        2012           9 radi              0.0000000E+00  0.0000000E+00  0.0000000E+00
        2012          10 orcd               31.46360       16.55677      0.5262199    
        2012          11 alfa               777.9089       3056.219       3.928761    
        2012          12 wbar               200.0283       1170.368       5.851012    
        2013           1 frst              0.0000000E+00  0.0000000E+00  0.0000000E+00
        2013           2 fesc               2312.016       16631.05       7.193309    
        2013           3 wetl              0.0000000E+00  0.0000000E+00  0.0000000E+00
        2013           4 rnge               3254.043      0.0000000E+00  0.0000000E+00
        2013           5 corn               949.7309       7265.259       7.649808    
        2013           6 wwht               939.9664       4302.342       4.577123    
        2013           7 canp               329.3782       1862.192       5.653659    
        2013           8 sunf               445.2690       1439.404       3.232662    
        2013           9 radi              0.0000000E+00  0.0000000E+00  0.0000000E+00
        2013          10 orcd               31.46360       17.46107      0.5549608    
        2013          11 alfa               762.4353       3150.057       4.131573    
        2013          12 wbar               111.5126       663.8413       5.953060    
        2014           1 frst              0.0000000E+00  0.0000000E+00  0.0000000E+00
        2014           2 fesc               2312.017       15374.42       6.649788    
        2014           3 wetl              0.0000000E+00  0.0000000E+00  0.0000000E+00
        2014           4 rnge               3254.043      0.0000000E+00  0.0000000E+00
        2014           5 corn               1049.894       8367.672       7.970014    
        2014           6 wwht               1297.382       6174.544       4.759233    
        2014           7 canp               401.2099       2047.882       5.104266    
        2014           8 sunf               110.9264       355.2372       3.202458    
        2014           9 radi              0.0000000E+00  0.0000000E+00  0.0000000E+00
        2014          10 orcd               31.46360       15.87218      0.5044615    
        2014          11 alfa               492.2791       2926.290       5.944372    
        2014          12 wbar               11.84217       74.46867       6.288431    
        2015           1 frst              0.0000000E+00  0.0000000E+00  0.0000000E+00
        2015           2 fesc               2312.016       16937.12       7.325694    
        2015           3 wetl              0.0000000E+00  0.0000000E+00  0.0000000E+00
        2015           4 rnge               3254.043      0.0000000E+00  0.0000000E+00
        2015           5 corn               1086.827       8278.468       7.617099    
        2015           6 wwht               954.4437       4438.922       4.650795    
        2015           7 canp               702.6733       3806.800       5.417595    
        2015           8 sunf               94.17184       256.2271       2.720847    
        2015           9 radi               23.09274      0.0000000E+00  0.0000000E+00
        2015          10 orcd               31.46360       9.254434      0.2941314    
        2015          11 alfa               157.1307       853.8020       5.433704    
        2015          12 wbar               144.8559       885.4370       6.112537    
        2016           1 frst              0.0000000E+00  0.0000000E+00  0.0000000E+00
        2016           2 fesc               2312.018       17024.29       7.363390    
        2016           3 wetl              0.0000000E+00  0.0000000E+00  0.0000000E+00
        2016           4 rnge               3254.043      0.0000000E+00  0.0000000E+00
        2016           5 corn               1017.324       8197.527       8.057933    
        2016           6 wwht               1442.689       6828.830       4.733403    
        2016           7 canp               190.5737       930.8979       4.884712    
        2016           8 sunf               250.8176       826.0718       3.293516    
        2016           9 radi               73.19317      0.0000000E+00  0.0000000E+00
        2016          10 orcd               31.46360       12.04839      0.3829310    
        2016          11 alfa               47.82408       172.5452       3.607914    
        2016          12 wbar               118.0026       726.3788       6.155615    
        2017           1 frst              0.0000000E+00  0.0000000E+00  0.0000000E+00
        2017           2 fesc               2312.017       18026.83       7.797018    
        2017           3 wetl              0.0000000E+00  0.0000000E+00  0.0000000E+00
        2017           4 rnge               3254.043      0.0000000E+00  0.0000000E+00
        2017           5 corn               820.7142       5388.904       6.566115    
        2017           6 wwht               787.7766       2822.634       3.583038    
        2017           7 canp               823.0629       3764.146       4.573340    
        2017           8 sunf               295.1354       665.2574       2.254075    
        2017           9 radi               230.4383      0.0000000E+00  0.0000000E+00
        2017          10 orcd               31.46360       13.65137      0.4338782    
        2017          11 alfa               290.4395       1135.006       3.907893    
        2017          12 wbar               179.6050       737.4892       4.106172    
        2018           1 frst              0.0000000E+00  0.0000000E+00  0.0000000E+00
        2018           2 fesc               2312.016       15128.34       6.543355    
        2018           3 wetl              0.0000000E+00  0.0000000E+00  0.0000000E+00
        2018           4 rnge               3254.043      0.0000000E+00  0.0000000E+00
        2018           5 corn               833.7935       6601.101       7.916949    
        2018           6 wwht               962.7699       4213.327       4.376256    
        2018           7 canp               448.2718       2347.464       5.236698    
        2018           8 sunf               295.5948       845.5503       2.860504    
        2018           9 radi               291.9149      0.0000000E+00  0.0000000E+00
        2018          10 orcd               31.46360       13.64795      0.4337696    
        2018          11 alfa               777.9088       3497.349       4.495834    
        2018          12 wbar               200.0283       1095.143       5.474942    
        2019           1 frst              0.0000000E+00  0.0000000E+00  0.0000000E+00
        2019           2 fesc               2312.018       16507.56       7.139894    
        2019           3 wetl              0.0000000E+00  0.0000000E+00  0.0000000E+00
        2019           4 rnge               3254.043      0.0000000E+00  0.0000000E+00
        2019           5 corn               917.4894       6906.826       7.527963    
        2019           6 wwht               950.8098       4447.358       4.677443    
        2019           7 canp               329.3783       1680.106       5.100841    
        2019           8 sunf               323.7044       970.2991       2.997485    
        2019           9 radi               317.1005      0.0000000E+00  0.0000000E+00
        2019          10 orcd               31.46360       15.77094      0.5012440    
        2019          11 alfa               762.4354       4432.548       5.813670    
        2019          12 wbar               111.5126       665.1205       5.964532    
        2020           1 frst              0.0000000E+00  0.0000000E+00  0.0000000E+00
        2020           2 fesc               2312.015       18596.12       8.043252    
        2020           3 wetl              0.0000000E+00  0.0000000E+00  0.0000000E+00
        2020           4 rnge               3254.043      0.0000000E+00  0.0000000E+00
        2020           5 corn               1082.136       8823.330       8.153626    
        2020           6 wwht               1143.577       4974.119       4.349616    
        2020           7 canp               379.8119       1952.739       5.141331    
        2020           8 sunf               253.8889       868.1712       3.419492    
        2020           9 radi              0.0000000E+00  0.0000000E+00  0.0000000E+00
        2020          10 orcd               31.46360       17.77893      0.5650635    
        2020          11 alfa               492.2792       2994.623       6.083179    
        2020          12 wbar               11.84217       63.88673       5.394849    
