hru_id
3
7
10
12
17
18
25
26
27
29
32
33
40
47
48
51
59
60
71
76
77
82
83
85
91
93
104
151
164
165
179
181
186
199
202
216
233
249
250
257
262
266
268
269
275
276
277
285
286
298
301
302
309
311
344
347
360
365
376
396
403
406
411
452
464
470
474
486
501
503
507
508
513
523
527
535
545
548
552
554
557
562
567
581
588
592
596
600
632
633
644
645
647
649
652
661
667
668
671
677
685
701
702
709
717
724
725
726
732
738
745
765
766
768
773
774
775
777
778
781
785
791
792
794
798
799
801
802
803
805
806
807
808
809
811
813
820
824
825
829
830
831
832
838
840
841
842
847
850
855
856
858
864
867
872
873
878
879
882
883
886
889
896
901
903
905
906
907
908
912
915
916
917
918
919
921
923
924
926
930
937
940
941
943
951
954
956
957
959
960
961
963
966
967
969
972
974
976
979
980
981
982
984
985
986
987
989
993
996
1003
1007
1008
1021
1022
1023
1024
1028
1030
1034
1035
1049
1051
1057
1058
1060
1065
1072
1076
1077
1078
1079
1083
1085
1089
1100
1101
1102
1104
1105
1123
1141
1142
1144
1145
1157
1158
1164
1166
1171
1174
1187
1189
1202
1203
1204
1205
1208
1209
1210
1211
1214
1216
1217
1219
1220
1226
1230
1232
1233
1235
1236
1241
1244
1245
1246
1251
1252
1256
1258
1259
1264
1272
1276
1277
1278
1280
1282
1283
1299
1300
1301
1305
1306
1308
1323
1325
1327
1328
1391
1392
1393
1399
1415
1418
1426
1429
1444
1452
1476
1506
1509
1510
1534
1546
1555
1557
1559
1573
1596
1597
1605
1606
1635
1640
1642
1644
1701
1702
1704
1718
1771
1772
1773
1774
1776
1794
1800
1806
1823
1875
1950
1952
1954
1978
1992
1993
2006
2011
2017
2033
2040
2041
2047
2048
2050
2051
2054
2057
2058
2116
2118
2125
2127
2128
2129
2150
2152
2153
2173
2175
2195
2198
2230
2231
2232
2251
2254
2255
2257
2258
2304
2305
2306
2307
2346
2385
2409
2410
2411
2420
2421
2430
2431
2441
2446
2469
2471
2474
2479
2481
2482
2483
2486
2487
2489
2490
2491
2492
2493
2494
2495
2496
2497
2498
2499
2510
2511
2516
2517
2519
2521
2540
2541
2542
2543
2544
2546
2566
2568
2570
2573
2586
2601
2602
2652
2654
2655
2658
2659
2663
2664
2665
2667
2670
2671
2676
2679
2683
2690
2695
2697
2711
2738
2755
2762
2764
2767
2768
2769
2770
2771
2796
2797
2798
2800
2801
2803
2808
2809
2810
2811
2824
2826
2841
2845
2851
2852
2853
2854
2855
2858
2859
2866
2897
2939
2940
2952
2953
2954
2994
2995
2996
2997
2998
2999
3011
3014
3016
3030
3068
3070
3098
3109
3111
3118
3120
3153
3155
3161
3163
3168
3170
3172
3175
3176
3180
3188
3190
3191
3195
3197
3200
3205
3231
3232
3257
3279
3280
3281
3282
3285
3321
3345
3350
3351
3352
3357
3379
3381
3397
3403
3410
3414
3415
3418
3419
3449
3520
3527
3529
3535
3542
3543
3546
3547
3551
3556
3571
3580
3588
3589
3591
3594
3618
3740
3745
3752
3753
3780
3790
3797
3808
3816
3821
3822
3823
3825
3826
3829
3831
3859
3860
3863
3867
3868
3880
3893
3905
3906
3912
3914
3915
3917
3942
3943
3944
3952
3955
3956
3957
3958
3962
3963
3964
3965
3967
3968
3969
3971
3972
3981
3982
3985
3986
3992
3996
3997
3999
4001
4002
4004
4005
4013
4018
4021
4022
4023
4024
4025
4026
4027
4028
4029
4030
4031
4032
4033
4034
4035
4036
4037
4038
4039
4040
4041
4042
4043
4044
4045
4046
4047
4048
4051
4060
4070
4077
4079
4083
4085
4086
4088
4097
4102
4104
4117
4125
4132
4135
4137
4144
4150
4152
4435
4436
4555
4557
4580
4581
4583
4678
4679
4680
4681
4682
4683
4711
4712
4713
4714
4715
4716
4717
4718
4719
4720
4721
4722
4723
4724
4725
4726
4727
4728
4729
4730
4731
4732
4733
4734
4735
4736
4737
4738
4739
4740
4852
4994
4995
4996
4997
4998
4999
5071
5072
5110
5111
5114
5117
5119
5120
5123
5124
5127
5131
5132
5138
5143
5144
5145
5146
5148
5151
5153
5166
5167
5168
5169
5170
5171
5178
5179
5180
5182
5186
5187
5189
5191
